LinJ.01	1-24471d	100.000	645	0	0	1	645	654	10	0.0	1192	660
LinJ.02	2-193840r	100.000	439	0	0	31	469	1	439	0.0	811	481
LinJ.02	36-2489349r	100.000	31	0	0	79	109	105	135	6.51e-10	58.4	197
LinJ.02	2-312871d	100.000	458	0	0	1	458	133	590	0.0	846	615
LinJ.02	2-283430d	100.000	458	0	0	1	458	133	590	0.0	846	615
LinJ.02	2-312871d	100.000	458	0	0	1	458	133	590	0.0	846	615
LinJ.02	2-283430d	100.000	458	0	0	1	458	133	590	0.0	846	615
LinJ.03	3-172850d	100.000	401	0	0	1	401	401	1	0.0	741	411
LinJ.03	3-254841d	100.000	496	0	0	1	496	496	1	0.0	917	540
LinJ.04	4-21499r	100.000	467	0	0	1	467	6	472	0.0	863	510
LinJ.04	4-9551d	100.000	467	0	0	1	467	6	472	0.0	863	511
LinJ.04	4-21499r	100.000	467	0	0	1	467	6	472	0.0	863	510
LinJ.04	4-9551d	100.000	467	0	0	1	467	6	472	0.0	863	511
LinJ.04	4-99098d	100.000	384	0	0	91	474	1	384	0.0	710	390
LinJ.05	5-22311d	100.000	491	0	0	1	491	12	502	0.0	907	502
LinJ.05	5-31472d	100.000	536	0	0	1	536	13	548	0.0	990	558
LinJ.05	5-91382d	100.000	504	0	0	1	504	548	45	0.0	931	582
LinJ.05	5-383337r	100.000	441	0	0	1	441	441	1	0.0	815	455
LinJ.05	5-436506r	100.000	520	0	0	1	520	546	27	0.0	961	554
LinJ.05	5-439751r	100.000	510	0	0	1	510	546	37	0.0	942	558
LinJ.06	6A-8987d	100.000	565	0	0	2	566	565	1	0.0	1044	565
LinJ.06	6A-22189r	100.000	565	0	0	17	581	565	1	0.0	1044	565
LinJ.06	6B-137877d	100.000	499	0	0	18	516	1	499	0.0	922	499
LinJ.06	6B-137877d	100.000	483	0	0	92	574	499	17	0.0	893	499
LinJ.06	6B-180315d	100.000	610	0	0	1	610	15	624	0.0	1127	628
LinJ.06	6B-189883d	100.000	541	0	0	1	541	39	579	0.0	1000	588
LinJ.06	6B-218084d	100.000	541	0	0	1	541	65	605	0.0	1000	609
LinJ.06	6B-246729d	100.000	593	0	0	1	593	39	631	0.0	1096	631
LinJ.06	22B-306134d	100.000	29	0	0	402	430	43	15	8.23e-09	54.7	413
LinJ.06	22B-248677r	100.000	29	0	0	402	430	43	15	8.23e-09	54.7	413
LinJ.06	22B-306134d	100.000	29	0	0	403	431	43	15	8.27e-09	54.7	413
LinJ.06	22B-248677r	100.000	29	0	0	403	431	43	15	8.27e-09	54.7	413
LinJ.06	6-511666r	100.000	428	0	0	39	466	428	1	0.0	791	428
LinJ.06	6-518081d	100.000	440	0	0	38	477	440	1	0.0	813	440
LinJ.07	7A-21888d	100.000	341	0	0	1	341	34	374	0.0	630	528
LinJ.07	7A-83058d	100.000	548	0	0	19	566	1	548	0.0	1013	548
LinJ.07	7A-114876d	100.000	503	0	0	9	511	1	503	0.0	929	510
LinJ.07	7A-160895r	100.000	511	0	0	1	511	17	527	0.0	944	534
LinJ.07	7-60968d	100.000	530	0	0	35	564	539	10	0.0	979	539
LinJ.07	7-306355d	100.000	428	0	0	49	476	1	428	0.0	791	428
LinJ.07	7A-341516r	100.000	456	0	0	1	456	1	456	0.0	843	456
LinJ.07	7B-507305d	100.000	497	0	0	1	497	16	512	0.0	918	591
LinJ.07	7B-532576d	100.000	497	0	0	1	497	16	512	0.0	918	592
LinJ.07	7B-563849d	100.000	551	0	0	1	551	34	584	0.0	1018	606
LinJ.07	7B-572024d	100.000	551	0	0	1	551	34	584	0.0	1018	596
LinJ.07	7B-554682d	100.000	408	0	0	144	551	66	473	0.0	754	495
LinJ.08	8A-104823d	100.000	440	0	0	23	462	1	440	0.0	813	519
LinJ.08	8A-35047d	100.000	440	0	0	23	462	1	440	0.0	813	521
LinJ.08	8B-221141d	100.000	433	0	0	37	469	1	433	0.0	800	433
LinJ.08	8B-286681d	100.000	430	0	0	42	471	1	430	0.0	795	430
LinJ.08	8-368237r	100.000	382	0	0	1	382	1	382	0.0	706	382
LinJ.08	8D-416197r	100.000	518	0	0	14	531	518	1	0.0	957	518
LinJ.08	8D-418791d	100.000	528	0	0	1	528	528	1	0.0	976	605
LinJ.08	8D-424641r	100.000	512	0	0	18	529	521	10	0.0	946	521
LinJ.08	8D-427645d	100.000	503	0	0	1	503	531	29	0.0	929	608
LinJ.08	8-462341d	100.000	740	0	0	2	741	1	740	0.0	1367	740
LinJ.08	8-466053d	100.000	719	0	0	1	719	26	744	0.0	1328	744
LinJ.08	8-478094d	100.000	452	0	0	107	558	1	452	0.0	835	452
LinJ.08	21-8C-644995d	100.000	719	0	0	1	719	40	758	0.0	1328	758
LinJ.09	9-27504d	100.000	513	0	0	17	529	1	513	0.0	948	557
LinJ.09	31I1_972687r	100.000	30	0	0	93	122	46	75	2.65e-09	56.5	237
LinJ.09	31I1_916463r	100.000	30	0	0	93	122	46	75	2.65e-09	56.5	476
LinJ.09	9B1-420075r	100.000	549	0	0	1	549	8	556	0.0	1014	601
LinJ.09	9B1-424976r	100.000	495	0	0	1	495	18	512	0.0	915	557
LinJ.09	9B1-439313r	100.000	525	0	0	1	525	1	525	0.0	970	594
LinJ.10	10D-543391d	100.000	440	0	0	104	543	462	23	0.0	813	462
LinJ.10	23-768910d	100.000	28	0	0	516	543	112	85	4.20e-08	52.8	552
LinJ.10	10A-79639d	100.000	579	0	0	27	605	726	148	0.0	1070	726
LinJ.10	23-768910d	100.000	28	0	0	475	502	112	85	3.93e-08	52.8	552
LinJ.10	23C-217908r	100.000	29	0	0	409	437	150	122	9.47e-09	54.7	500
LinJ.10	23C-202926r	100.000	29	0	0	409	437	194	166	9.47e-09	54.7	510
LinJ.10	10C-257255d	100.000	586	0	0	15	600	1	586	0.0	1083	586
LinJ.10	10C-330060r	100.000	581	0	0	1	581	617	37	0.0	1074	619
LinJ.10	10C-332815r	100.000	524	0	0	1	524	23	546	0.0	968	555
LinJ.10	10D-489617r	100.000	502	0	0	50	551	524	23	0.0	928	524
LinJ.10	10D-506655d	100.000	393	0	0	65	457	393	1	0.0	726	393
LinJ.10	10D-513685d	100.000	374	0	0	51	424	374	1	0.0	691	374
LinJ.10	10D-518827d	100.000	510	0	0	29	538	528	19	0.0	942	528
LinJ.10	10D-521042d	100.000	533	0	0	6	538	551	19	0.0	985	551
LinJ.10	10D-524278d	100.000	533	0	0	9	541	551	19	0.0	985	551
LinJ.10	10D-531640d	100.000	529	0	0	5	533	547	19	0.0	977	547
LinJ.11	11-129732r	100.000	458	0	0	1	458	528	71	0.0	846	530
LinJ.11	11B-163696r	100.000	522	0	0	1	522	525	4	0.0	965	530
LinJ.11	11B-211365r	100.000	478	0	0	38	515	491	14	0.0	883	491
LinJ.11	11B-198030r	100.000	553	0	0	4	556	553	1	0.0	1022	553
LinJ.11	11B-186861r	100.000	521	0	0	1	521	534	14	0.0	963	552
LinJ.11	11C-261354d	100.000	604	0	0	1	604	604	1	0.0	1116	605
LinJ.11	11C-274355d	100.000	576	0	0	1	576	593	18	0.0	1064	594
LinJ.11	11C-285485d	100.000	586	0	0	2	587	600	15	0.0	1083	600
LinJ.11	11D-369752d	100.000	462	0	0	1	462	54	515	0.0	854	518
LinJ.11	11D-354585d	100.000	451	0	0	1	451	54	504	0.0	833	549
LinJ.11	11D-379635d	100.000	478	0	0	1	478	38	515	0.0	883	518
LinJ.11	11E-531933d	100.000	606	0	0	1	606	637	32	0.0	1120	641
LinJ.11	11E-560616r	100.000	608	0	0	1	608	639	32	0.0	1123	641
LinJ.12	12C-277119r	100.000	580	0	0	13	592	1	580	0.0	1072	603
LinJ.12	12D-417191d	100.000	469	0	0	1	469	1	469	0.0	867	469
LinJ.12	12D-423833d	100.000	469	0	0	1	469	1	469	0.0	867	469
LinJ.12	12-501293d	100.000	482	0	0	1	482	11	492	0.0	891	492
LinJ.12	12-501293d	100.000	427	0	0	56	482	492	66	0.0	789	492
LinJ.12	12-535236d	100.000	436	0	0	40	475	1	436	0.0	806	484
LinJ.12	12-535236d	100.000	476	0	0	25	500	484	9	0.0	880	484
LinJ.13	13A-27841r	100.000	507	0	0	62	568	507	1	0.0	937	507
LinJ.13	13A-67068r	100.000	457	0	0	20	476	580	124	0.0	845	580
LinJ.13	13A-62242r	100.000	457	0	0	20	476	580	124	0.0	845	580
LinJ.13	13A-67068r	100.000	457	0	0	36	492	580	124	0.0	845	580
LinJ.13	13A-62242r	100.000	457	0	0	36	492	580	124	0.0	845	580
LinJ.13	13A-67068r	100.000	539	0	0	1	539	37	575	0.0	996	580
LinJ.13	13A-62242r	100.000	539	0	0	1	539	37	575	0.0	996	580
LinJ.13	13-93772d	100.000	498	0	0	8	505	498	1	0.0	920	498
LinJ.13	13B-210667r	100.000	598	0	0	1	598	598	1	0.0	1105	613
LinJ.13	13D-390137r	100.000	448	0	0	36	483	448	1	0.0	828	448
LinJ.13	13E-481379d	100.000	474	0	0	42	515	1	474	0.0	876	514
LinJ.13	13E-604976r	100.000	474	0	0	1	474	474	1	0.0	876	478
LinJ.13	13E-604976r	100.000	408	0	0	101	508	1	408	0.0	754	478
LinJ.13	13E-625241r	100.000	469	0	0	2	470	469	1	0.0	867	469
LinJ.13	13E-625241r	100.000	398	0	0	80	477	1	398	0.0	736	469
LinJ.13	13-514625r	100.000	475	0	0	1	475	1	475	0.0	878	494
LinJ.14	14B-112408d	100.000	573	0	0	1	573	611	39	0.0	1059	620
LinJ.14	14B-107865d	100.000	573	0	0	1	573	604	32	0.0	1059	613
LinJ.14	14B-133723d	100.000	569	0	0	5	573	606	38	0.0	1051	606
LinJ.14	14B-101412r	100.000	398	0	0	176	573	436	39	0.0	736	436
LinJ.14	14B-162411r	100.000	307	0	0	267	573	345	39	2.99e-163	568	484
LinJ.14	14B-140484d	100.000	307	0	0	267	573	461	155	2.99e-163	568	635
LinJ.14	14B-137193d	100.000	307	0	0	267	573	669	363	2.99e-163	568	843
LinJ.14	14B-133723d	100.000	574	0	0	1	574	604	31	0.0	1061	606
LinJ.14	14B-107865d	100.000	570	0	0	1	570	598	29	0.0	1053	613
LinJ.14	14B-162411r	100.000	314	0	0	261	574	345	32	3.85e-167	580	484
LinJ.14	14B-140484d	100.000	310	0	0	261	570	461	152	6.45e-165	573	635
LinJ.14	14B-137193d	100.000	310	0	0	261	570	669	360	6.45e-165	573	843
LinJ.14	14B-112408d	100.000	187	0	0	1	187	422	608	7.80e-96	346	620
LinJ.14	14B-107865d	100.000	187	0	0	1	187	415	601	7.80e-96	346	613
LinJ.14	14B-133723d	100.000	186	0	0	1	186	421	606	2.80e-95	344	606
LinJ.14	14B-137193d	100.000	661	0	0	1	661	183	843	0.0	1221	843
LinJ.14	14B-107865d	100.000	338	0	0	150	487	1	338	1.04e-179	625	613
LinJ.14	14B-133723d	100.000	310	0	0	178	487	35	344	3.83e-164	573	606
LinJ.14	14B-137193d	100.000	661	0	0	1	661	183	843	0.0	1221	843
LinJ.14	14B-107865d	100.000	338	0	0	150	487	1	338	1.04e-179	625	613
LinJ.14	14B-133723d	100.000	310	0	0	178	487	35	344	3.83e-164	573	606
LinJ.14	14B-137193d	100.000	661	0	0	1	661	183	843	0.0	1221	843
LinJ.14	14B-140484d	100.000	635	0	0	3318	3952	1	635	0.0	1173	635
LinJ.14	14B-107865d	100.000	338	0	0	150	487	1	338	1.24e-179	625	613
LinJ.14	14B-107865d	100.000	338	0	0	3441	3778	1	338	1.24e-179	625	613
LinJ.14	14B-133723d	100.000	310	0	0	178	487	35	344	4.54e-164	573	606
LinJ.14	14B-133723d	100.000	310	0	0	3469	3778	35	344	4.54e-164	573	606
LinJ.14	14B-162411r	100.000	484	0	0	6	489	1	484	0.0	894	484
LinJ.14	14B-107865d	100.000	310	0	0	41	350	29	338	5.72e-165	573	613
LinJ.14	14B-171130d	100.000	416	0	0	64	479	1	416	0.0	769	416
LinJ.14	14C-638526r	100.000	647	0	0	6828	7474	647	1	0.0	1195	647
LinJ.14	14C-638526r	100.000	647	0	0	4824	5470	647	1	0.0	1195	647
LinJ.14	14C-638526r	100.000	647	0	0	815	1461	647	1	0.0	1195	647
LinJ.14	14C-253837r	100.000	647	0	0	6828	7474	647	1	0.0	1195	647
LinJ.14	14C-253837r	100.000	647	0	0	4824	5470	647	1	0.0	1195	647
LinJ.14	14C-253837r	100.000	647	0	0	815	1461	647	1	0.0	1195	647
LinJ.14	14C-266718r	100.000	553	0	0	8832	9384	553	1	0.0	1022	553
LinJ.14	14C-266718r	100.000	553	0	0	6828	7380	553	1	0.0	1022	553
LinJ.14	14C-266718r	100.000	553	0	0	4824	5376	553	1	0.0	1022	553
LinJ.14	14C-266718r	100.000	553	0	0	815	1367	553	1	0.0	1022	553
LinJ.14	14C-265643r	100.000	643	0	0	1	643	643	1	0.0	1188	643
LinJ.14	14C-260282r	100.000	643	0	0	1	643	643	1	0.0	1188	643
LinJ.14	14C-266718r	100.000	553	0	0	1	553	553	1	0.0	1022	553
LinJ.14	14C-257167r	100.000	297	0	0	347	643	297	1	1.23e-157	549	517
LinJ.14	14C-638526r	100.000	553	0	0	1	553	647	95	0.0	1022	647
LinJ.14	14C-266718r	100.000	553	0	0	1	553	553	1	0.0	1022	553
LinJ.14	14C-265643r	100.000	553	0	0	1	553	643	91	0.0	1022	643
LinJ.14	14C-260282r	100.000	553	0	0	1	553	643	91	0.0	1022	643
LinJ.14	14C-255845r	100.000	553	0	0	1	553	650	98	0.0	1022	650
LinJ.14	14C-253837r	100.000	553	0	0	1	553	647	95	0.0	1022	647
LinJ.14	14C-274893d	100.000	548	0	0	6	553	636	89	0.0	1013	637
LinJ.14	14C-257167r	100.000	207	0	0	347	553	297	91	1.12e-107	383	517
LinJ.14	14C-266718r	100.000	548	0	0	1	548	548	1	0.0	1013	553
LinJ.14	14C-443201r	100.000	432	0	0	60	491	432	1	0.0	798	432
LinJ.14	14D-557965d	100.000	430	0	0	31	460	1	430	0.0	795	608
LinJ.14	14D-565962r	100.000	584	0	0	19	602	608	25	0.0	1079	608
LinJ.14	14D-589618d	100.000	569	0	0	1	569	41	609	0.0	1051	609
LinJ.15	15A-12264r	100.000	499	0	0	1	499	501	3	0.0	922	523
LinJ.15	15A-15553r	100.000	492	0	0	53	544	492	1	0.0	909	492
LinJ.15	15A-24033d	100.000	441	0	0	47	487	491	51	0.0	815	491
LinJ.15	15A-48754d	100.000	472	0	0	37	508	522	51	0.0	872	522
LinJ.15	15A-80274d	100.000	489	0	0	1	489	534	46	0.0	904	542
LinJ.15	15A-85295r	100.000	489	0	0	1	489	537	49	0.0	904	545
LinJ.15	15A-110363d	100.000	472	0	0	29	500	522	51	0.0	872	522
LinJ.15	15C-372134r	100.000	498	0	0	1	498	524	27	0.0	920	528
LinJ.15	15C-385262r	100.000	502	0	0	3	504	528	27	0.0	928	528
LinJ.15	15D-552122d	100.000	618	0	0	1	618	22	639	0.0	1142	639
LinJ.15	15D-587597r	100.000	528	0	0	1	528	644	117	0.0	976	661
LinJ.16	16B-271487r	100.000	391	0	0	65	455	1	391	0.0	723	430
LinJ.16	16C-380473d	100.000	392	0	0	1	392	392	1	0.0	725	443
LinJ.16	16D-631202r	100.000	480	0	0	1	480	528	49	0.0	887	549
LinJ.16	16D-622983r	100.000	480	0	0	1	480	480	1	0.0	887	504
LinJ.16	16D-631202r	100.000	518	0	0	1	518	528	11	0.0	957	549
LinJ.16	16D-622983r	100.000	480	0	0	1	480	480	1	0.0	887	504
LinJ.16	16D-684097r	100.000	549	0	0	1	549	549	1	0.0	1014	552
LinJ.17	17A-77462r	100.000	597	0	0	2	598	660	64	0.0	1103	660
LinJ.17	17A-101928r	100.000	599	0	0	4	602	652	54	0.0	1107	652
LinJ.17	17A-132636r	100.000	544	0	0	1	544	544	1	0.0	1005	562
LinJ.17	17A-152114d	100.000	445	0	0	8	452	445	1	0.0	822	445
LinJ.17	17A-161032r	100.000	601	0	0	1	601	664	64	0.0	1110	675
LinJ.17	17A-167879r	100.000	601	0	0	1	601	601	1	0.0	1110	621
LinJ.17	17A-220072r	100.000	601	0	0	1	601	611	11	0.0	1110	629
LinJ.17	17B-293198d	100.000	545	0	0	5	549	1	545	0.0	1007	554
LinJ.17	17B-320105d	100.000	515	0	0	24	538	1	515	0.0	952	519
LinJ.17	17B-295974d	100.000	526	0	0	1	526	31	556	0.0	972	572
LinJ.17	17B-301421r	100.000	561	0	0	46	606	1	561	0.0	1037	561
LinJ.17	17B-306974r	100.000	565	0	0	35	599	1	565	0.0	1044	565
LinJ.17	17B-318138r	100.000	541	0	0	56	596	1	541	0.0	1000	541
LinJ.17	17B-320105d	100.000	519	0	0	1	519	1	519	0.0	959	519
LinJ.17	17B-293198d	100.000	515	0	0	1	515	20	534	0.0	952	554
LinJ.17	17B-321095d	100.000	513	0	0	24	536	1	513	0.0	948	513
LinJ.17	17B-326405r	100.000	535	0	0	1	535	19	553	0.0	989	553
LinJ.17	17B-364810d	100.000	526	0	0	1	526	8	533	0.0	972	549
LinJ.17	17A-403893d	100.000	458	0	0	50	507	458	1	0.0	846	458
LinJ.17	17B-492816d	100.000	450	0	0	57	506	1	450	0.0	832	450
LinJ.18	18A-60615r	100.000	519	0	0	1	519	13	531	0.0	959	546
LinJ.18	18A-73398r	100.000	534	0	0	1	534	9	542	0.0	987	542
LinJ.18	18A-100458r	100.000	494	0	0	1	494	31	524	0.0	913	524
LinJ.18	18A-119443d	100.000	483	0	0	1	483	8	490	0.0	893	490
LinJ.18	18A-151333r	100.000	503	0	0	47	549	1	503	0.0	929	503
LinJ.18	18A-165818d	100.000	494	0	0	1	494	19	512	0.0	913	512
LinJ.18	18B-214279r	100.000	494	0	0	28	521	494	1	0.0	913	494
LinJ.18	18B-223194r	100.000	464	0	0	1	464	471	8	0.0	857	494
LinJ.18	18A-270029d	100.000	300	0	0	1	300	23	322	2.24e-159	555	322
LinJ.18	18C-468824d	100.000	334	0	0	210	543	334	1	2.91e-178	617	334
LinJ.18	18E-667386d	100.000	556	0	0	9	564	605	50	0.0	1027	605
LinJ.18	18E-679231d	100.000	598	0	0	22	619	598	1	0.0	1105	598
LinJ.18	18E-681839d	100.000	537	0	0	1	537	552	16	0.0	992	571
LinJ.19	19A-44544r	100.000	572	0	0	1	572	572	1	0.0	1057	592
LinJ.19	19A-55392r	100.000	533	0	0	1	533	560	28	0.0	985	580
LinJ.19	19A-60443r	100.000	564	0	0	11	574	585	22	0.0	1042	585
LinJ.19	19A-81125d	100.000	552	0	0	2	553	573	22	0.0	1020	573
LinJ.19	19A-119960d	100.000	552	0	0	45	596	1	552	0.0	1020	552
LinJ.19	19A-142291d	100.000	552	0	0	16	567	552	1	0.0	1020	552
LinJ.19	19B-187750d	100.000	517	0	0	56	572	533	17	0.0	955	533
LinJ.19	19C-719123r	100.000	471	0	0	44	514	1	471	0.0	870	603
LinJ.19	19C-364460r	100.000	468	0	0	44	511	14	481	0.0	865	489
LinJ.19	19C-719123r	100.000	471	0	0	44	514	1	471	0.0	870	603
LinJ.19	19C-364460r	100.000	468	0	0	44	511	14	481	0.0	865	489
LinJ.19	19E-586168d	100.000	460	0	0	4	463	1	460	0.0	850	460
LinJ.19	19E-595924d	100.000	460	0	0	22	481	460	1	0.0	850	460
LinJ.19	19E-595924d	100.000	460	0	0	34	493	1	460	0.0	850	460
LinJ.19	19F-610316r	100.000	532	0	0	1	532	1	532	0.0	983	585
LinJ.19	19F-623649d	100.000	533	0	0	1	533	11	543	0.0	985	583
LinJ.19	19F-634039d	100.000	546	0	0	28	573	1	546	0.0	1009	560
LinJ.20	LiSIDER2-20-315r	100.000	467	0	0	1	467	11	477	0.0	863	477
LinJ.20	LiSIDER2-20-9815r	100.000	506	0	0	1	506	14	519	0.0	935	554
LinJ.20	LiSIDER2-20-26129r	100.000	491	0	0	3	493	1	491	0.0	907	526
LinJ.20	LiSIDER2-20-315r	100.000	453	0	0	5	457	25	477	0.0	837	477
LinJ.20	LiSIDER2-20-38171r	100.000	317	0	0	177	493	5	321	7.07e-169	586	356
LinJ.20	LiSIDER2-20-172973d	100.000	463	0	0	1	463	77	539	0.0	856	651
LinJ.20	LiSIDER2-20-133376d	100.000	463	0	0	1	463	77	539	0.0	856	661
LinJ.20	LiSIDER2-20-104446d	100.000	463	0	0	1	463	4	466	0.0	856	576
LinJ.20	LiSIDER2-20-112062r	100.000	461	0	0	3	463	1	461	0.0	852	571
LinJ.20	LiSIDER2-20-121152d	100.000	321	0	0	143	463	1	321	3.96e-171	593	425
LinJ.20	LiSIDER2-20-172973d	100.000	461	0	0	3	463	79	539	0.0	852	651
LinJ.20	LiSIDER2-20-133376d	100.000	461	0	0	3	463	79	539	0.0	852	661
LinJ.20	LiSIDER2-20-112062r	100.000	461	0	0	3	463	1	461	0.0	852	571
LinJ.20	LiSIDER2-20-104446d	100.000	461	0	0	3	463	6	466	0.0	852	576
LinJ.20	LiSIDER2-20-121152d	100.000	321	0	0	143	463	1	321	3.96e-171	593	425
LinJ.20	LiSIDER2-20-334521d	100.000	382	0	0	64	445	382	1	0.0	706	382
LinJ.20	LiSIDER2-20-432767r	100.000	534	0	0	1	534	26	559	0.0	987	561
LinJ.20	LiSIDER2-20-441039d	100.000	538	0	0	1	538	14	551	0.0	994	592
LinJ.20	LiSIDER2-20-483061r	100.000	466	0	0	15	480	1	466	0.0	861	466
LinJ.20	LiSIDER2-20-512317d	100.000	444	0	0	19	462	1	444	0.0	821	451
LinJ.20	LiSIDER2-20-575257d	100.000	468	0	0	12	479	1	468	0.0	865	468
LinJ.20	LiSIDER2-20-716639r	100.000	554	0	0	17	570	1	554	0.0	1024	556
LinJ.21	21-47696d	100.000	468	0	0	1	468	471	4	0.0	865	471
LinJ.21	21A-163187r	100.000	505	0	0	1	505	514	10	0.0	933	521
LinJ.21	21A-195942r	100.000	551	0	0	1	551	1	551	0.0	1018	551
LinJ.21	21A-201975r	100.000	581	0	0	1	581	10	590	0.0	1074	594
LinJ.21	21A-223734r	100.000	558	0	0	1	558	1	558	0.0	1031	558
LinJ.21	21A-226888d	100.000	512	0	0	7	518	1	512	0.0	946	512
LinJ.21	21A-242592d	100.000	533	0	0	16	548	1	533	0.0	985	533
LinJ.21	21A-249545r	100.000	583	0	0	1	583	1	583	0.0	1077	583
LinJ.21	21A-266095d	100.000	551	0	0	1	551	42	592	0.0	1018	642
LinJ.21	21A-276680d	100.000	575	0	0	1	575	37	611	0.0	1062	611
LinJ.21	21A-294619d	100.000	519	0	0	1	519	42	560	0.0	959	613
LinJ.21	21A-306832d	100.000	547	0	0	1	547	10	556	0.0	1011	625
LinJ.21	21A-372468d	100.000	549	0	0	1	549	10	558	0.0	1014	625
LinJ.21	21D-652705d	100.000	570	0	0	1	570	28	597	0.0	1053	609
LinJ.21	21D-656836d	100.000	564	0	0	1	564	28	591	0.0	1042	603
LinJ.21	21D-693075r	100.000	407	0	0	170	576	423	17	0.0	752	423
LinJ.21	21E-717300r	100.000	499	0	0	10	508	521	23	0.0	922	521
LinJ.21	21E-729870d	100.000	529	0	0	56	584	529	1	0.0	977	529
LinJ.22	22-15161r	100.000	520	0	0	1	520	526	7	0.0	961	531
LinJ.22	22-81770r	100.000	542	0	0	35	576	548	7	0.0	1002	548
LinJ.22	22A-148235r	100.000	491	0	0	1	491	54	544	0.0	907	544
LinJ.22	22A-170897r	100.000	481	0	0	1	481	58	538	0.0	889	539
LinJ.22	22A-177290r	100.000	491	0	0	1	491	58	548	0.0	907	548
LinJ.22	22C-255779r	100.000	478	0	0	1	478	478	1	0.0	883	480
LinJ.22	22C-255779r	100.000	478	0	0	1	478	478	1	0.0	883	480
LinJ.22	22C-271803r	100.000	480	0	0	17	496	510	31	0.0	887	510
LinJ.22	22C-279447d	100.000	462	0	0	32	493	492	31	0.0	854	492
LinJ.22	22D-485832r	100.000	601	0	0	1	601	66	666	0.0	1110	666
LinJ.22	22D-494166r	100.000	592	0	0	1	592	146	737	0.0	1094	739
LinJ.22	22D-494166r	100.000	563	0	0	1	563	681	119	0.0	1040	739
LinJ.22	22D-485832r	100.000	563	0	0	1	563	601	39	0.0	1040	666
LinJ.22	22D-494166r	100.000	609	0	0	1	609	727	119	0.0	1125	739
LinJ.22	22D-485832r	100.000	609	0	0	1	609	647	39	0.0	1125	666
LinJ.22	22E-561002d	100.000	507	0	0	22	528	507	1	0.0	937	507
LinJ.22	22E-574989d	100.000	523	0	0	20	542	548	26	0.0	966	548
LinJ.22	22-644605d	100.000	463	0	0	1	463	515	53	0.0	856	536
LinJ.23	23-60541d	100.000	539	0	0	28	566	545	7	0.0	996	545
LinJ.23	23A-92836d	100.000	495	0	0	62	556	495	1	0.0	915	495
LinJ.23	23A-104177d	100.000	474	0	0	64	537	495	22	0.0	876	495
LinJ.23	23B-121823r	100.000	539	0	0	2	540	562	24	0.0	996	562
LinJ.23	23B-128093d	100.000	539	0	0	5	543	562	24	0.0	996	562
LinJ.23	23C-164941d	100.000	449	0	0	29	477	1	449	0.0	830	449
LinJ.23	23C-202926r	100.000	510	0	0	1	510	1	510	0.0	942	510
LinJ.23	10B-184156d	100.000	29	0	0	166	194	295	323	9.23e-09	54.7	718
LinJ.23	10B-175562d	100.000	29	0	0	166	194	296	324	9.23e-09	54.7	719
LinJ.23	23C-214823d	100.000	500	0	0	24	523	1	500	0.0	924	510
LinJ.23	23C-217908r	100.000	162	0	0	73	234	1	162	1.10e-82	300	500
LinJ.23	23C-217908r	100.000	487	0	0	1	487	487	1	0.0	900	500
LinJ.23	23C-214823d	100.000	162	0	0	326	487	211	50	1.02e-82	300	510
LinJ.23	10B-184156d	100.000	29	0	0	338	366	323	295	8.76e-09	54.7	718
LinJ.23	10B-175562d	100.000	29	0	0	338	366	324	296	8.76e-09	54.7	719
LinJ.23	23D-242177r	100.000	440	0	0	1	440	1	440	0.0	813	440
LinJ.23	23D-258035r	100.000	440	0	0	58	497	1	440	0.0	813	440
LinJ.23	23-291922r	100.000	453	0	0	1	453	73	525	0.0	837	525
LinJ.23	23E-346387r	100.000	589	0	0	1	589	589	1	0.0	1088	590
LinJ.23	23E-3400987	100.000	589	0	0	1	589	589	1	0.0	1088	590
LinJ.23	23F-366243r	100.000	481	0	0	27	507	1	481	0.0	889	590
LinJ.23	23F-399144r	100.000	483	0	0	35	517	1	483	0.0	893	560
LinJ.23	23F-418001r	100.000	477	0	0	1	477	477	1	0.0	881	524
LinJ.23	23F-418001r	100.000	415	0	0	60	474	1	415	0.0	767	524
LinJ.23	23F-433876r	100.000	414	0	0	84	497	1	414	0.0	765	491
LinJ.23	23G-488775r	100.000	505	0	0	42	546	511	7	0.0	933	511
LinJ.23	23G-534709r	100.000	506	0	0	30	535	512	7	0.0	935	518
LinJ.23	23G-531193r	100.000	506	0	0	30	535	512	7	0.0	935	512
LinJ.23	23G-534709r	100.000	515	0	0	67	581	518	4	0.0	952	518
LinJ.23	23G-531193r	100.000	509	0	0	73	581	512	4	0.0	941	512
LinJ.23	23G-559586d	100.000	517	0	0	1	517	525	9	0.0	955	540
LinJ.23	23G-546582r	100.000	517	0	0	1	517	529	13	0.0	955	544
LinJ.23	23G-555890d	100.000	500	0	0	1	500	500	1	0.0	924	500
LinJ.23	23G-559586d	100.000	532	0	0	6	537	540	9	0.0	983	540
LinJ.23	23H-604315d	100.000	210	0	0	376	585	217	8	2.56e-109	388	217
LinJ.23	23H-657417d	100.000	603	0	0	1	603	603	1	0.0	1114	625
LinJ.23	23H-661539d	100.000	583	0	0	8	590	625	43	0.0	1077	625
LinJ.23	23H-678331d	100.000	533	0	0	1	533	533	1	0.0	985	540
LinJ.23	23I-687960d	100.000	335	0	0	1	335	38	372	7.24e-179	619	372
LinJ.23	23I-736538r	100.000	517	0	0	1	517	362	878	0.0	955	893
LinJ.23	23I-721452r	100.000	517	0	0	1	517	362	878	0.0	955	892
LinJ.23	23I-736538r	100.000	517	0	0	1	517	362	878	0.0	955	893
LinJ.23	23I-721452r	100.000	517	0	0	1	517	362	878	0.0	955	892
LinJ.23	23-768910d	100.000	552	0	0	23	574	1	552	0.0	1020	552
LinJ.23	10A-79639d	100.000	28	0	0	107	134	251	278	3.75e-08	52.8	726
LinJ.23	10A-60739d	100.000	28	0	0	107	134	251	278	3.75e-08	52.8	728
LinJ.24	24A-26487d	100.000	530	0	0	1	530	530	1	0.0	979	530
LinJ.24	24A-30905d	100.000	525	0	0	1	525	529	5	0.0	970	530
LinJ.24	24A-26487d	100.000	525	0	0	1	525	529	5	0.0	970	530
LinJ.24	24B-119868d	100.000	465	0	0	89	553	465	1	0.0	859	465
LinJ.24	24B-132485d	100.000	467	0	0	59	525	467	1	0.0	863	467
LinJ.24	24D-284284d	100.000	519	0	0	1	519	11	529	0.0	959	529
LinJ.24	24D-303639d	100.000	517	0	0	1	517	11	527	0.0	955	527
LinJ.24	24E-386745d	100.000	311	0	0	228	538	325	15	1.68e-165	575	325
LinJ.24	24E-428021d	100.000	502	0	0	1	502	46	547	0.0	928	547
LinJ.24	24E-425657d	100.000	502	0	0	1	502	46	547	0.0	928	547
LinJ.24	24E-428021d	100.000	502	0	0	1	502	46	547	0.0	928	547
LinJ.24	24E-425657d	100.000	502	0	0	1	502	46	547	0.0	928	547
LinJ.24	24E-430383d	100.000	502	0	0	1	502	46	547	0.0	928	547
LinJ.24	24F-460083d	100.000	427	0	0	1	427	23	449	0.0	789	449
LinJ.24	31M-1122889r	100.000	29	0	0	1	29	18	46	9.86e-09	54.7	545
LinJ.24	24F-462545d	100.000	510	0	0	1	510	525	16	0.0	942	534
LinJ.24	24F-464850r	100.000	542	0	0	9	550	1	542	0.0	1002	542
LinJ.24	24F-493407d	100.000	550	0	0	54	603	1	550	0.0	1016	550
LinJ.24	31M-1122889r	100.000	29	0	0	77	105	18	46	1.09e-08	54.7	545
LinJ.24	24F-499031d	100.000	516	0	0	52	567	1	516	0.0	953	516
LinJ.24	24G-644662r	100.000	437	0	0	53	489	437	1	0.0	808	437
LinJ.24	24G-664282r	100.000	444	0	0	48	491	444	1	0.0	821	444
LinJ.24	24-684960r	100.000	491	0	0	4	494	1	491	0.0	907	491
LinJ.24	24H-706823r	100.000	505	0	0	1	505	530	26	0.0	933	563
LinJ.24	24H-731557r	100.000	496	0	0	1	496	66	561	0.0	917	579
LinJ.24	24H-731557r	100.000	516	0	0	1	516	530	15	0.0	953	579
LinJ.24	24I-807971d	100.000	494	0	0	1	494	89	582	0.0	913	616
LinJ.24	24I-787589r	100.000	494	0	0	1	494	86	579	0.0	913	587
LinJ.24	24I-780953d	100.000	306	0	0	1	306	74	379	9.23e-163	566	384
LinJ.25	25B-220763r	100.000	525	0	0	33	557	541	17	0.0	970	541
LinJ.25	25B-248901d	100.000	513	0	0	1	513	531	19	0.0	948	543
LinJ.25	25-308656d	100.000	544	0	0	32	575	564	21	0.0	1005	564
LinJ.25	25C-506121r	100.000	481	0	0	1	481	62	542	0.0	889	542
LinJ.25	25C-539323r	100.000	562	0	0	2	563	1	562	0.0	1038	562
LinJ.25	25C-555794r	100.000	497	0	0	45	541	1	497	0.0	918	497
LinJ.25	25C-562551r	100.000	549	0	0	26	574	1	549	0.0	1014	549
LinJ.25	25C-568988r	100.000	554	0	0	2	555	554	1	0.0	1024	554
LinJ.25	25-571329r	100.000	491	0	0	19	509	501	11	0.0	907	501
LinJ.25	25C-600433r	100.000	528	0	0	2	529	1	528	0.0	976	545
LinJ.25	25C-620526r	100.000	439	0	0	50	488	439	1	0.0	811	439
LinJ.25	25E-752747d	100.000	527	0	0	64	590	530	4	0.0	974	530
LinJ.25	25E-798608r	100.000	534	0	0	1	534	15	548	0.0	987	548
LinJ.25	25E-824097r	100.000	612	0	0	37	648	612	1	0.0	1131	612
LinJ.25	25E-830236d	100.000	579	0	0	1	579	579	1	0.0	1070	599
LinJ.25	25E-863080d	100.000	574	0	0	1	574	626	53	0.0	1061	635
LinJ.25	25E-850941d	100.000	574	0	0	1	574	625	52	0.0	1061	634
LinJ.25	25E-863995d	100.000	454	0	0	1	454	454	1	0.0	839	463
LinJ.25	25E-863080d	100.000	588	0	0	12	599	1	588	0.0	1086	635
LinJ.25	25E-863995d	100.000	416	0	0	184	599	1	416	0.0	769	463
LinJ.25	25E-863080d	100.000	574	0	0	1	574	626	53	0.0	1061	635
LinJ.25	25E-850941d	100.000	574	0	0	1	574	625	52	0.0	1061	634
LinJ.25	25E-863995d	100.000	454	0	0	1	454	454	1	0.0	839	463
LinJ.26	26A-45921r	100.000	601	0	0	1	601	5	605	0.0	1110	650
LinJ.26	26A-49977r	100.000	546	0	0	1	546	22	567	0.0	1009	579
LinJ.26	26A-101784r	100.000	534	0	0	36	569	634	101	0.0	987	634
LinJ.26	26A-101784r	100.000	585	0	0	1	585	7	591	0.0	1081	634
LinJ.26	26A-127317r	100.000	535	0	0	1	535	32	566	0.0	989	609
LinJ.26	26B-233012r	100.000	530	0	0	1	530	103	632	0.0	979	668
LinJ.26	26B-269609r	100.000	467	0	0	8	474	1	467	0.0	863	506
LinJ.26	26-364401d	100.000	546	0	0	77	622	1	546	0.0	1009	611
LinJ.26	26-364401d	100.000	485	0	0	1	485	597	113	0.0	896	611
LinJ.26	26C-474492d	100.000	418	0	0	98	515	1	418	0.0	773	418
LinJ.26	26C-500219d	100.000	513	0	0	39	551	1	513	0.0	948	513
LinJ.26	26C-568673d	100.000	405	0	0	104	508	62	466	0.0	749	507
LinJ.26	26C-523356r	100.000	514	0	0	20	533	1	514	0.0	950	525
LinJ.26	26C-532309d	100.000	453	0	0	1	453	150	602	0.0	837	603
LinJ.26	26C-533240d	100.000	465	0	0	1	465	151	615	0.0	859	615
LinJ.26	26C-563758d	100.000	500	0	0	1	500	3	502	0.0	924	502
LinJ.26	26C-568673d	100.000	505	0	0	1	505	3	507	0.0	933	507
LinJ.26	26C-500219d	100.000	405	0	0	60	464	66	470	0.0	749	513
LinJ.26	26D-598681r	100.000	468	0	0	1	468	468	1	0.0	865	475
LinJ.26	26D-604481r	100.000	469	0	0	1	469	469	1	0.0	867	476
LinJ.26	26D-604481r	100.000	469	0	0	1	469	469	1	0.0	867	476
LinJ.26	26C-616733d	100.000	413	0	0	53	465	1	413	0.0	763	413
LinJ.26	26F-772445d	100.000	458	0	0	68	525	1	458	0.0	846	458
LinJ.26	26F-779749d	100.000	462	0	0	35	496	1	462	0.0	854	462
LinJ.26	26G-976359d	100.000	513	0	0	1	513	518	6	0.0	948	550
LinJ.26	26G-1017535d	100.000	509	0	0	1	509	564	56	0.0	941	604
LinJ.26	26G-998529d	100.000	551	0	0	1	551	602	52	0.0	1018	604
LinJ.26	26G-1017535d	100.000	553	0	0	8	560	604	52	0.0	1022	604
LinJ.27	27A-17470d	100.000	594	0	0	1	594	1	594	0.0	1098	598
LinJ.27	27A-30510r	100.000	565	0	0	1	565	1	565	0.0	1044	565
LinJ.27	27A-42398r	100.000	549	0	0	1	549	1	549	0.0	1014	549
LinJ.27	27A-56000r	100.000	595	0	0	47	641	1	595	0.0	1099	595
LinJ.27	27A-79682d	100.000	515	0	0	42	556	1	515	0.0	952	515
LinJ.27	27A-104525d	100.000	587	0	0	2	588	1	587	0.0	1085	594
LinJ.27	27A-127836r	100.000	600	0	0	1	600	15	614	0.0	1109	628
LinJ.27	27-223150d	100.000	545	0	0	8	552	1	545	0.0	1007	567
LinJ.27	27B-289422d	100.000	530	0	0	7	536	530	1	0.0	979	530
LinJ.27	27B-304146r	100.000	518	0	0	16	533	527	10	0.0	957	527
LinJ.27	27B-319856r	100.000	535	0	0	1	535	544	10	0.0	989	544
LinJ.27	27B-325527r	100.000	533	0	0	1	533	541	9	0.0	985	613
LinJ.27	27B-336931r	100.000	527	0	0	1	527	527	1	0.0	974	599
LinJ.27	27B-358164d	100.000	514	0	0	4	517	514	1	0.0	950	514
LinJ.27	27B-382900r	100.000	514	0	0	1	514	514	1	0.0	950	514
LinJ.27	27B-424671r	100.000	518	0	0	1	518	518	1	0.0	957	518
LinJ.27	27C-454040r	100.000	350	0	0	181	530	364	15	0.0	647	364
LinJ.27	27D-527214d	100.000	599	0	0	2445	3043	1	599	0.0	1107	602
LinJ.27	27D-527214d	100.000	599	0	0	2445	3043	1	599	0.0	1107	602
LinJ.27	27D-552465d	100.000	529	0	0	1	529	9	537	0.0	977	538
LinJ.27	27F-793978r	100.000	551	0	0	1	551	578	28	0.0	1018	583
LinJ.27	27F-808977r	100.000	611	0	0	1	611	611	1	0.0	1129	622
LinJ.27	27F-811965r	100.000	539	0	0	1	539	557	19	0.0	996	571
LinJ.27	27F-823027r	100.000	554	0	0	1	554	565	12	0.0	1024	579
LinJ.27	27F-837047r	100.000	596	0	0	1	596	596	1	0.0	1101	601
LinJ.27	27F-891986r	100.000	463	0	0	70	532	476	14	0.0	856	476
LinJ.27	2-312871d	100.000	458	0	0	1	458	133	590	0.0	846	615
LinJ.27	2-283430d	100.000	458	0	0	1	458	133	590	0.0	846	615
LinJ.28	28A-169035r	100.000	451	0	0	1	451	32	482	0.0	833	522
LinJ.28	28A-133640d	100.000	465	0	0	1	465	49	513	0.0	859	564
LinJ.28	28B-283113r	100.000	410	0	0	117	526	410	1	0.0	758	410
LinJ.28	28C-428065d	100.000	540	0	0	101	640	1	540	0.0	998	540
LinJ.28	28C-417166r	100.000	540	0	0	101	640	1	540	0.0	998	540
LinJ.28	28C-428065d	100.000	540	0	0	20	559	1	540	0.0	998	540
LinJ.28	28C-417166r	100.000	540	0	0	20	559	1	540	0.0	998	540
LinJ.28	28D-526277d	100.000	459	0	0	89	547	1	459	0.0	848	459
LinJ.28	28E-545683r	100.000	454	0	0	9	462	454	1	0.0	839	454
LinJ.28	35F-724657d	100.000	28	0	0	407	434	119	92	3.31e-08	52.8	574
LinJ.28	35F-689542r	100.000	28	0	0	407	434	111	84	3.31e-08	52.8	572
LinJ.28	28-659006r	100.000	530	0	0	1	530	15	544	0.0	979	544
LinJ.28	28F-781054r	100.000	555	0	0	5	559	564	10	0.0	1026	564
LinJ.28	28F-842477d	100.000	526	0	0	1	526	16	541	0.0	972	547
LinJ.28	28F-886863d	100.000	564	0	0	7	570	564	1	0.0	1042	564
LinJ.28	28G-918260d	100.000	570	0	0	10	579	1	570	0.0	1053	593
LinJ.28	28G-938282d	100.000	495	0	0	1	495	76	570	0.0	915	593
LinJ.28	28G-943216d	100.000	499	0	0	1	499	59	557	0.0	922	557
LinJ.28	28G-1002713d	100.000	450	0	0	141	590	468	19	0.0	832	468
LinJ.28	28G-1002713d	100.000	367	0	0	1	367	102	468	0.0	678	468
LinJ.28	28H-1141192r	100.000	447	0	0	93	539	511	65	0.0	826	528
LinJ.28	28H-1141192r	100.000	464	0	0	84	547	528	65	0.0	857	528
LinJ.29	29A-38732r	100.000	532	0	0	42	573	20	551	0.0	983	556
LinJ.29	29A-21838r	100.000	532	0	0	42	573	20	551	0.0	983	560
LinJ.29	29A-16232r	100.000	532	0	0	42	573	1	532	0.0	983	541
LinJ.29	29A-21838r	100.000	551	0	0	32	582	1	551	0.0	1018	560
LinJ.29	29A-16232r	100.000	532	0	0	51	582	1	532	0.0	983	541
LinJ.29	29A-38732r	100.000	531	0	0	1	531	21	551	0.0	981	556
LinJ.29	29A-21838r	100.000	531	0	0	1	531	21	551	0.0	981	560
LinJ.29	29A-16232r	100.000	531	0	0	1	531	2	532	0.0	981	541
LinJ.29	29B-104344r	100.000	535	0	0	1	535	1	535	0.0	989	596
LinJ.29	29B-156643r	100.000	553	0	0	1	553	36	588	0.0	1022	637
LinJ.29	29C-285400d	100.000	437	0	0	95	531	1	437	0.0	808	456
LinJ.29	29D-328982r	100.000	529	0	0	1	529	529	1	0.0	977	529
LinJ.29	29D-334836r	100.000	505	0	0	24	528	505	1	0.0	933	505
LinJ.29	29D-345587d	100.000	526	0	0	2	527	536	11	0.0	972	536
LinJ.29	29D-362716d	100.000	535	0	0	3	537	545	11	0.0	989	545
LinJ.29	29D-371555d	100.000	535	0	0	4	538	536	2	0.0	989	536
LinJ.29	29D-328982r	100.000	514	0	0	1	514	529	16	0.0	950	529
LinJ.29	29D-362716d	100.000	507	0	0	8	514	542	36	0.0	937	545
LinJ.29	29-453505d	100.000	580	0	0	3	582	580	1	0.0	1072	580
LinJ.29	29-531549d	100.000	602	0	0	1	602	602	1	0.0	1112	602
LinJ.29	29E-658885d	100.000	504	0	0	95	598	508	5	0.0	931	508
LinJ.29	29E-681203r	100.000	531	0	0	1	531	563	33	0.0	981	593
LinJ.29	29E-674727r	100.000	531	0	0	1	531	548	18	0.0	981	578
LinJ.29	29E-681203r	100.000	558	0	0	1	558	563	6	0.0	1031	593
LinJ.29	29-769165r	100.000	559	0	0	48	606	584	26	0.0	1033	584
LinJ.29	29F-834894r	100.000	526	0	0	21	546	583	58	0.0	972	583
LinJ.29	29F-837030d	100.000	493	0	0	66	558	546	54	0.0	911	546
LinJ.29	29F-857840r	100.000	524	0	0	37	560	524	1	0.0	968	524
LinJ.29	29G-899717r	100.000	589	0	0	43	631	1	589	0.0	1088	589
LinJ.29	29G-926082r	100.000	571	0	0	80	650	1	571	0.0	1055	580
LinJ.29	29G-930834r	100.000	563	0	0	1	563	14	576	0.0	1040	585
LinJ.29	29G-947105d	100.000	555	0	0	62	616	1	555	0.0	1026	555
LinJ.29	29H-988034r	100.000	509	0	0	1	509	3	511	0.0	941	539
LinJ.29	29H-994990r	100.000	545	0	0	60	604	1	545	0.0	1007	570
LinJ.29	29I-1013027r	100.000	534	0	0	9	542	1	534	0.0	987	534
LinJ.29	29-1018574r	100.000	548	0	0	2	549	1	548	0.0	1013	548
LinJ.29	29I-1024817r	100.000	617	0	0	1	617	391	1007	0.0	1140	1007
LinJ.29	29I-1030396r	100.000	616	0	0	1	616	391	1006	0.0	1138	1028
LinJ.29	29I-1050859r	100.000	556	0	0	1	556	2	557	0.0	1027	557
LinJ.29	29I-1057052d	100.000	559	0	0	1	559	2	560	0.0	1033	582
LinJ.29	29I-1059645d	100.000	558	0	0	1	558	17	574	0.0	1031	596
LinJ.29	29J-1093452d	100.000	467	0	0	1	467	73	539	0.0	863	539
LinJ.29	29J-1142329d	100.000	456	0	0	1	456	73	528	0.0	843	555
LinJ.29	29J-1123801d	100.000	456	0	0	1	456	58	513	0.0	843	540
LinJ.29	29J-1123801d	100.000	483	0	0	1	483	58	540	0.0	893	540
LinJ.29	29J-1093452d	100.000	456	0	0	1	456	73	528	0.0	843	539
LinJ.29	29J-1142329d	100.000	475	0	0	49	523	555	81	0.0	878	555
LinJ.29	29J-1093452d	100.000	448	0	0	76	523	528	81	0.0	828	539
LinJ.30	LiSIDER2-20-248078r	100.000	35	0	0	44	78	136	170	3.87e-12	65.8	378
LinJ.30	30-40594r	100.000	536	0	0	48	583	552	17	0.0	990	552
LinJ.30	30A-107229r	100.000	541	0	0	7	547	565	25	0.0	1000	565
LinJ.30	30A-103175d	100.000	156	0	0	12	167	161	6	2.49e-79	289	168
LinJ.30	30A-107229r	100.000	519	0	0	109	627	1	519	0.0	959	565
LinJ.30	30A-103175d	100.000	115	0	0	513	627	6	120	1.77e-56	213	168
LinJ.30	30A-110814r	100.000	550	0	0	2	551	1	550	0.0	1016	568
LinJ.30	30A-103175d	100.000	145	0	0	407	551	6	150	3.27e-73	268	168
LinJ.30	30B-194971d	100.000	605	0	0	4	608	635	31	0.0	1118	635
LinJ.30	30B-206842r	100.000	613	0	0	33	645	634	22	0.0	1133	634
LinJ.30	30B-267227r	100.000	589	0	0	20	608	617	29	0.0	1088	617
LinJ.30	30B-283614r	100.000	581	0	0	1	581	582	2	0.0	1074	590
LinJ.30	30B-307158d	100.000	570	0	0	32	601	1	570	0.0	1053	623
LinJ.30	30B-307158d	100.000	579	0	0	1	579	614	36	0.0	1070	623
LinJ.30	30B-316571d	100.000	522	0	0	58	579	550	29	0.0	965	555
LinJ.30	30B-316571d	100.000	527	0	0	23	549	555	29	0.0	974	555
LinJ.30	30B-307158d	100.000	522	0	0	28	549	557	36	0.0	965	623
LinJ.30	30C-343357d	100.000	164	0	0	1	164	164	1	7.99e-84	303	203
LinJ.30	30D-477939d	100.000	512	0	0	2	513	1	512	0.0	946	512
LinJ.30	30D-477939d	100.000	427	0	0	97	523	512	86	0.0	789	512
LinJ.30	30D-512012d	100.000	524	0	0	1	524	578	55	0.0	968	628
LinJ.30	30D-520100d	100.000	579	0	0	37	615	1	579	0.0	1070	620
LinJ.30	30D-522624d	100.000	577	0	0	37	613	1	577	0.0	1066	577
LinJ.30	30D-558546d	100.000	489	0	0	89	577	1	489	0.0	904	489
LinJ.30	30D-578209d	100.000	380	0	0	112	491	1	380	0.0	702	380
LinJ.30	30E-626277d	100.000	561	0	0	12	572	575	15	0.0	1037	575
LinJ.30	30E-605812d	100.000	561	0	0	12	572	575	15	0.0	1037	575
LinJ.30	30E-626277d	100.000	561	0	0	17	577	575	15	0.0	1037	575
LinJ.30	30E-605812d	100.000	561	0	0	17	577	575	15	0.0	1037	575
LinJ.30	30E-667746d	100.000	548	0	0	40	587	1	548	0.0	1013	548
LinJ.30	30G-777486r	100.000	555	0	0	1	555	4	558	0.0	1026	558
LinJ.30	30G-783194r	100.000	495	0	0	34	528	1	495	0.0	915	495
LinJ.30	30G-787042r	100.000	554	0	0	22	575	1	554	0.0	1024	554
LinJ.30	30G-794266r	100.000	477	0	0	5	481	1	477	0.0	881	477
LinJ.30	30G-871869r	100.000	376	0	0	139	514	1	376	0.0	695	376
LinJ.30	30-955288d	100.000	524	0	0	1	524	22	545	0.0	968	604
LinJ.30	30H-1012344r	100.000	583	0	0	27	609	1	583	0.0	1077	623
LinJ.30	30H-1030377r	100.000	583	0	0	14	596	1	583	0.0	1077	623
LinJ.30	30-1072885r	100.000	542	0	0	5	546	563	22	0.0	1002	563
LinJ.30	30I-1121468r	100.000	501	0	0	99	599	506	6	0.0	926	506
LinJ.30	30I-1137105r	100.000	496	0	0	100	595	496	1	0.0	917	535
LinJ.30	30J-1203711d	100.000	343	0	0	147	489	377	35	0.0	634	377
LinJ.30	30J-1238469d	100.000	503	0	0	1	503	503	1	0.0	929	554
LinJ.30	30J-1245095r	100.000	483	0	0	1	483	483	1	0.0	893	538
LinJ.30	30J-1245095r	100.000	466	0	0	1	466	19	484	0.0	861	538
LinJ.30	30J-1238469d	100.000	466	0	0	1	466	39	504	0.0	861	554
LinJ.30	30J-1238469d	100.000	469	0	0	1	469	39	507	0.0	867	554
LinJ.30	30-1322769r	100.000	576	0	0	1	576	9	584	0.0	1064	585
LinJ.31	31A-16883r	100.000	386	0	0	190	575	1	386	0.0	713	396
LinJ.31	31A-112031d	100.000	253	0	0	150	402	253	1	3.34e-133	468	253
LinJ.31	31B-162243r	100.000	554	0	0	15	568	571	18	0.0	1024	571
LinJ.31	31B-183810d	100.000	554	0	0	1	554	18	571	0.0	1024	571
LinJ.31	31B-206782r	100.000	566	0	0	14	579	566	1	0.0	1046	566
LinJ.31	31C-313018r	100.000	487	0	0	145	631	1	487	0.0	900	648
LinJ.31	31C-285410r	100.000	487	0	0	145	631	1	487	0.0	900	511
LinJ.31	31C-317158r	100.000	487	0	0	1	487	1	487	0.0	900	648
LinJ.31	31-242208d	100.000	566	0	0	5	570	566	1	0.0	1046	566
LinJ.31	31D-376785r	100.000	499	0	0	58	556	499	1	0.0	922	499
LinJ.31	31-384886r	100.000	505	0	0	1	505	512	8	0.0	933	523
LinJ.31	31D-426406r	100.000	508	0	0	38	545	508	1	0.0	939	508
LinJ.31	31D-407845r	100.000	508	0	0	38	545	508	1	0.0	939	508
LinJ.31	31D-426406r	100.000	508	0	0	46	553	508	1	0.0	939	508
LinJ.31	31D-407845r	100.000	508	0	0	46	553	508	1	0.0	939	508
LinJ.31	31E-477210d	100.000	357	0	0	145	501	401	45	0.0	660	401
LinJ.31	31E-487800r	100.000	437	0	0	35	471	481	45	0.0	808	481
LinJ.31	31E-516267r	100.000	437	0	0	65	501	481	45	0.0	808	481
LinJ.31	31-575411r	100.000	539	0	0	1	539	539	1	0.0	996	590
LinJ.31	31-611715r	100.000	538	0	0	48	585	1	538	0.0	994	545
LinJ.31	31-636109r	100.000	514	0	0	1	514	514	1	0.0	950	522
LinJ.31	31F-719242r	100.000	548	0	0	7	554	558	11	0.0	1013	558
LinJ.31	31F-703824r	100.000	548	0	0	7	554	558	11	0.0	1013	558
LinJ.31	31F-703824r	100.000	354	0	0	139	492	1	354	0.0	654	558
LinJ.31	31F-719242r	100.000	524	0	0	1	524	553	30	0.0	968	558
LinJ.31	31F-703824r	100.000	524	0	0	1	524	553	30	0.0	968	558
LinJ.31	31F-719242r	100.000	343	0	0	133	475	1	343	0.0	634	558
LinJ.31	31G-756108r	100.000	516	0	0	32	547	518	3	0.0	953	518
LinJ.31	31G-766440r	100.000	483	0	0	1	483	483	1	0.0	893	507
LinJ.31	31G-818011r	100.000	571	0	0	25	595	571	1	0.0	1055	571
LinJ.31	31G-799507r	100.000	571	0	0	25	595	571	1	0.0	1055	571
LinJ.31	31G-818011r	100.000	571	0	0	7	577	571	1	0.0	1055	571
LinJ.31	31G-799507r	100.000	571	0	0	7	577	571	1	0.0	1055	571
LinJ.31	31H-859655r	100.000	488	0	0	86	573	556	69	0.0	902	556
LinJ.31	31H-850167r	100.000	488	0	0	86	573	556	69	0.0	902	556
LinJ.31	31H-859655r	100.000	488	0	0	86	573	556	69	0.0	902	556
LinJ.31	31H-850167r	100.000	488	0	0	86	573	556	69	0.0	902	556
LinJ.31	31J-949091d	100.000	382	0	0	174	555	382	1	0.0	706	382
LinJ.31	31I2_977871r	100.000	427	0	0	35	461	1	427	0.0	789	613
LinJ.31	31I2_987429r	100.000	427	0	0	31	457	1	427	0.0	789	607
LinJ.31	31K-1018392r	100.000	565	0	0	21	585	565	1	0.0	1044	565
LinJ.31	31K-1027652r	100.000	543	0	0	1	543	553	11	0.0	1003	565
LinJ.31	31L-1086160r	100.000	560	0	0	8	567	616	57	0.0	1035	616
LinJ.31	31L-1102569r	100.000	532	0	0	1	532	588	57	0.0	983	616
LinJ.31	31L-1086160r	100.000	532	0	0	1	532	588	57	0.0	983	616
LinJ.31	31M-1122889r	100.000	528	0	0	1	528	18	545	0.0	976	545
LinJ.31	24F-508655d	100.000	29	0	0	1	29	24	52	1.01e-08	54.7	531
LinJ.31	24F-499031d	100.000	29	0	0	1	29	1	29	1.01e-08	54.7	516
LinJ.31	24F-493407d	100.000	29	0	0	1	29	24	52	1.01e-08	54.7	550
LinJ.31	24F-460083d	100.000	29	0	0	1	29	23	51	1.01e-08	54.7	449
LinJ.31	31M-1122889r	100.000	495	0	0	1	495	510	16	0.0	915	545
LinJ.31	24F-508655d	100.000	29	0	0	465	493	52	24	8.91e-09	54.7	531
LinJ.31	24F-499031d	100.000	29	0	0	465	493	29	1	8.91e-09	54.7	516
LinJ.31	24F-493407d	100.000	29	0	0	465	493	52	24	8.91e-09	54.7	550
LinJ.31	24F-460083d	100.000	29	0	0	465	493	51	23	8.91e-09	54.7	449
LinJ.31	31M-1140278r	100.000	506	0	0	33	538	521	16	0.0	935	521
LinJ.31	31M-1144283r	100.000	481	0	0	68	548	481	1	0.0	889	481
LinJ.31	31M-1165799r	100.000	507	0	0	93	599	507	1	0.0	937	507
LinJ.31	31M-1177532d	100.000	395	0	0	69	463	395	1	0.0	730	395
LinJ.31	31-1195317d	100.000	539	0	0	7	545	605	67	0.0	996	605
LinJ.31	31-1263935r	100.000	558	0	0	36	593	1	558	0.0	1031	584
LinJ.31	31O-1334804r	100.000	403	0	0	52	454	403	1	0.0	745	403
LinJ.31	31O-1357775d	100.000	545	0	0	4	548	553	9	0.0	1007	553
LinJ.31	31O-1366650r	100.000	543	0	0	1	543	552	10	0.0	1003	553
LinJ.31	31-1433742d	100.000	520	0	0	1	520	520	1	0.0	961	569
LinJ.32	LiSIDER2-32-18439r	100.000	551	0	0	1	551	551	1	0.0	1018	560
LinJ.32	LiSIDER2-32-30662r	100.000	492	0	0	1	492	525	34	0.0	909	560
LinJ.32	LiSIDER2-32-39696d	100.000	562	0	0	1	562	9	570	0.0	1038	570
LinJ.32	LiSIDER2-32-46425r	100.000	555	0	0	58	612	1	555	0.0	1026	570
LinJ.32	LiSIDER2-32-72349d	100.000	560	0	0	1	560	9	568	0.0	1035	568
LinJ.32	LiSIDER2-32-84516r	100.000	546	0	0	69	614	1	546	0.0	1009	546
LinJ.32	LiSIDER2-32-121058r	100.000	550	0	0	16	565	550	1	0.0	1016	550
LinJ.32	LiSIDER2-32-127617r	100.000	515	0	0	70	584	515	1	0.0	952	515
LinJ.32	LiSIDER2-32-169517r	100.000	532	0	0	25	556	564	33	0.0	983	564
LinJ.32	LiSIDER2-32-185886r	100.000	532	0	0	12	543	564	33	0.0	983	564
LinJ.32	LiSIDER2-32-222503d	100.000	547	0	0	1	547	592	46	0.0	1011	594
LinJ.32	LiSIDER2-32-232971d	100.000	571	0	0	1	571	578	8	0.0	1055	578
LinJ.32	LiSIDER2-32-253342d	100.000	567	0	0	1	567	574	8	0.0	1048	578
LinJ.32	LiSIDER2-32-354985d	100.000	563	0	0	1	563	586	24	0.0	1040	586
LinJ.32	4-302589r	100.000	350	0	0	214	563	373	24	0.0	647	373
LinJ.32	LiSIDER2-32-367858d	100.000	566	0	0	1	566	590	25	0.0	1046	590
LinJ.32	LiSIDER2-32-420911d	100.000	529	0	0	11	539	1	529	0.0	977	540
LinJ.32	LiSIDER2-32-460150r	100.000	525	0	0	1	525	20	544	0.0	970	555
LinJ.32	LiSIDER2-32-546470r	100.000	455	0	0	1	455	220	674	0.0	841	679
LinJ.32	LiSIDER2-32-520410d	100.000	455	0	0	1	455	202	656	0.0	841	661
LinJ.32	LiSIDER2-32-542863d	100.000	203	0	0	3	205	219	421	1.53e-105	375	422
LinJ.32	LiSIDER2-32-546470r	100.000	460	0	0	1	460	220	679	0.0	850	679
LinJ.32	LiSIDER2-32-520410d	100.000	460	0	0	1	460	202	661	0.0	850	661
LinJ.32	LiSIDER2-32-542863d	100.000	203	0	0	3	205	219	421	1.62e-105	375	422
LinJ.32	LiSIDER2-32-588727r	100.000	548	0	0	39	586	1	548	0.0	1013	588
LinJ.32	LiSIDER2-32-598168r	100.000	592	0	0	86	677	1	592	0.0	1094	597
LinJ.32	LiSIDER2-32-661708r	100.000	500	0	0	1	500	10	509	0.0	924	552
LinJ.32	LiSIDER2-32-726312r	100.000	490	0	0	46	535	1	490	0.0	905	490
LinJ.32	LiSIDER2-32-734536r	100.000	448	0	0	15	462	489	42	0.0	828	489
LinJ.32	LiSIDER2-32-752616r	100.000	486	0	0	1	486	7	492	0.0	898	492
LinJ.32	LiSIDER2-32-755765r	100.000	432	0	0	1	432	7	438	0.0	798	491
LinJ.32	LiSIDER2-32-755765r	100.000	471	0	0	48	518	491	21	0.0	870	491
LinJ.32	LiSIDER2-32-752616r	100.000	418	0	0	101	518	438	21	0.0	773	492
LinJ.32	LiSIDER2-32-769406r	100.000	441	0	0	27	467	1	441	0.0	815	441
LinJ.32	LiSIDER2-32-775723r	100.000	265	0	0	258	522	1	265	6.78e-140	490	265
LinJ.32	LiSIDER2-32-794401r	100.000	542	0	0	1	542	8	549	0.0	1002	603
LinJ.32	LiSIDER2-32-802492r	100.000	547	0	0	1	547	3	549	0.0	1011	550
LinJ.32	LiSIDER2-32-808837r	100.000	542	0	0	105	646	1	542	0.0	1002	550
LinJ.32	LiSIDER2-32-827594d	100.000	533	0	0	1	533	5	537	0.0	985	591
LinJ.32	LiSIDER2-32-890515r	100.000	492	0	0	1	492	555	64	0.0	909	573
LinJ.32	LiSIDER2-32-881720r	100.000	492	0	0	1	492	554	63	0.0	909	570
LinJ.32	LiSIDER2-32-890515r	100.000	515	0	0	5	519	573	59	0.0	952	573
LinJ.32	LiSIDER2-32-881720r	100.000	513	0	0	7	519	570	58	0.0	948	570
LinJ.32	LiSIDER2-32-919839r	100.000	499	0	0	1	499	125	623	0.0	922	623
LinJ.32	LiSIDER2-32-937896d	100.000	505	0	0	119	623	3	507	0.0	933	507
LinJ.32	LiSIDER2-32-953057r	100.000	623	0	0	32	654	1	623	0.0	1151	623
LinJ.32	LiSIDER2-32-1017837r	100.000	562	0	0	1	562	580	19	0.0	1038	614
LinJ.32	LiSIDER2-32-991979r	100.000	562	0	0	1	562	580	19	0.0	1038	614
LinJ.32	LiSIDER2-32-1017837r	100.000	580	0	0	1	580	580	1	0.0	1072	614
LinJ.32	LiSIDER2-32-1172151d	100.000	482	0	0	29	510	506	25	0.0	891	506
LinJ.32	LiSIDER2-32-1195026d	100.000	527	0	0	5	531	602	76	0.0	974	602
LinJ.32	LiSIDER2-32-1219109r	100.000	574	0	0	19	592	602	29	0.0	1061	602
LinJ.32	LiSIDER2-32-1284330d	100.000	458	0	0	73	530	458	1	0.0	846	458
LinJ.32	LiSIDER2-32-1405232d	100.000	410	0	0	1	410	58	467	0.0	758	467
LinJ.32	LiSIDER2-32-1496187d	100.000	429	0	0	1	429	69	497	0.0	793	497
LinJ.32	LiSIDER2-32-1545347d	100.000	471	0	0	23	493	1	471	0.0	870	513
LinJ.33	33A-9346d	100.000	618	0	0	1	618	623	6	0.0	1142	625
LinJ.33	33A-37687r	100.000	613	0	0	1	613	621	9	0.0	1133	621
LinJ.33	33A-47183r	100.000	611	0	0	2	612	611	1	0.0	1129	611
LinJ.33	33A-84701r	100.000	613	0	0	1	613	647	35	0.0	1133	649
LinJ.33	33A-106116d	100.000	578	0	0	24	601	578	1	0.0	1068	578
LinJ.33	33B-130927r	100.000	569	0	0	1	569	604	36	0.0	1051	607
LinJ.33	33B-142890r	100.000	572	0	0	1	572	572	1	0.0	1057	585
LinJ.33	33B-155816r	100.000	466	0	0	1	466	556	91	0.0	861	606
LinJ.33	33B-194074r	100.000	469	0	0	1	469	587	119	0.0	867	640
LinJ.33	33B-183239r	100.000	469	0	0	1	469	589	121	0.0	867	642
LinJ.33	33B-194074r	100.000	522	0	0	7	528	640	119	0.0	965	640
LinJ.33	33B-194074r	100.000	554	0	0	1	554	60	613	0.0	1024	640
LinJ.33	33B-196974r	100.000	469	0	0	1	469	550	82	0.0	867	585
LinJ.33	33B-213034r	100.000	469	0	0	1	469	516	48	0.0	867	568
LinJ.33	33C-262948d	100.000	582	0	0	43	624	1	582	0.0	1075	582
LinJ.33	33C-281166d	100.000	569	0	0	21	589	582	14	0.0	1051	582
LinJ.33	33D-295103d	100.000	608	0	0	1	608	608	1	0.0	1123	621
LinJ.33	33D-314742d	100.000	518	0	0	1	518	527	10	0.0	957	529
LinJ.33	33D-323954d	100.000	622	0	0	10	631	622	1	0.0	1149	622
LinJ.33	33D-357740d	100.000	505	0	0	1	505	505	1	0.0	933	506
LinJ.33	33-387904d	100.000	578	0	0	13	590	1	578	0.0	1068	578
LinJ.33	33D-415222d	100.000	453	0	0	102	554	453	1	0.0	837	453
LinJ.33	33-436289r	100.000	523	0	0	19	541	524	2	0.0	966	524
LinJ.33	33-436289r	100.000	516	0	0	67	582	1	516	0.0	953	524
LinJ.33	33E-518943d	100.000	444	0	0	75	518	1	444	0.0	821	444
LinJ.33	33E-552965d	100.000	444	0	0	34	477	444	1	0.0	821	444
LinJ.33	33-628750d	100.000	547	0	0	1	547	25	571	0.0	1011	571
LinJ.33	33F-659006d	100.000	493	0	0	15	507	1	493	0.0	911	555
LinJ.33	33F-664866d	100.000	504	0	0	1	504	18	521	0.0	931	583
LinJ.33	33F-675473d	100.000	509	0	0	1	509	2	510	0.0	941	535
LinJ.33	33F-680435d	100.000	509	0	0	1	509	18	526	0.0	941	526
LinJ.33	33F-690815d	100.000	509	0	0	1	509	1	509	0.0	941	536
LinJ.33	33F-721241r	100.000	504	0	0	1	504	2	505	0.0	931	543
LinJ.33	33F-730028d	100.000	504	0	0	1	504	2	505	0.0	931	543
LinJ.33	33G-776998r	100.000	516	0	0	29	544	519	4	0.0	953	519
LinJ.33	33G-778193d	100.000	515	0	0	1	515	518	4	0.0	952	520
LinJ.33	33F-801932d	100.000	483	0	0	1	483	1	483	0.0	893	483
LinJ.33	33H-933456d	100.000	558	0	0	1	558	24	581	0.0	1031	595
LinJ.33	33H-936558r	100.000	610	0	0	22	631	1	610	0.0	1127	612
LinJ.33	33I-1014098r	100.000	478	0	0	1	478	57	534	0.0	883	534
LinJ.33	33I-1032228d	100.000	454	0	0	1	454	57	510	0.0	839	545
LinJ.33	33-1035186d	100.000	527	0	0	1	527	7	533	0.0	974	544
LinJ.33	33I-1088046d	100.000	454	0	0	1	454	30	483	0.0	839	518
LinJ.33	33-1189990d	100.000	575	0	0	1	575	575	1	0.0	1062	585
LinJ.33	33-1223129d	100.000	512	0	0	2	513	533	22	0.0	946	533
LinJ.33	33-1259728d	100.000	546	0	0	1	546	27	572	0.0	1009	573
LinJ.33	33-1324956d	100.000	156	0	0	799	954	451	296	4.39e-79	289	451
LinJ.33	33J-1344408r	100.000	576	0	0	1	576	579	4	0.0	1064	590
LinJ.33	33J-1351771d	100.000	494	0	0	1	494	27	520	0.0	913	520
LinJ.33	33J-1370260d	100.000	587	0	0	32	618	587	1	0.0	1085	587
LinJ.34	34B-107899d	100.000	450	0	0	1	450	450	1	0.0	832	457
LinJ.34	34B-119345d	100.000	450	0	0	1	450	450	1	0.0	832	457
LinJ.34	34-224671d	100.000	494	0	0	1	494	513	20	0.0	913	521
LinJ.34	34C-249683d	100.000	409	0	0	1	409	1	409	0.0	756	409
LinJ.34	34-276020d	100.000	518	0	0	70	587	1	518	0.0	957	518
LinJ.34	34C-331629d	100.000	571	0	0	1	571	18	588	0.0	1055	588
LinJ.34	34C-341069d	100.000	519	0	0	88	606	1	519	0.0	959	524
LinJ.34	34C-346137d	100.000	490	0	0	88	577	1	490	0.0	905	498
LinJ.34	34C-346137d	100.000	498	0	0	88	585	1	498	0.0	920	498
LinJ.34	34C-383842d	100.000	490	0	0	88	577	74	563	0.0	905	592
LinJ.34	34C-341069d	100.000	490	0	0	88	577	1	490	0.0	905	524
LinJ.34	34C-356998d	100.000	575	0	0	1	575	18	592	0.0	1062	592
LinJ.34	34C-383842d	100.000	575	0	0	1	575	18	592	0.0	1062	592
LinJ.34	34C-346137d	100.000	490	0	0	57	546	1	490	0.0	905	498
LinJ.34	34C-388695d	100.000	571	0	0	5	575	1	571	0.0	1055	576
LinJ.34	34C-403353d	100.000	561	0	0	1	561	1	561	0.0	1037	561
LinJ.34	34D-430544d	100.000	568	0	0	1	568	47	614	0.0	1050	662
LinJ.34	34D-469248r	100.000	570	0	0	1	570	4	573	0.0	1053	619
LinJ.34	34E-527232r	100.000	534	0	0	15	548	545	12	0.0	987	545
LinJ.34	34F-738424d	100.000	485	0	0	46	530	1	485	0.0	896	485
LinJ.34	34F-8417001r	100.000	564	0	0	39	602	1	564	0.0	1042	564
LinJ.34	34-878819r	100.000	577	0	0	30	606	577	1	0.0	1066	577
LinJ.34	34G-899185r	100.000	476	0	0	1	476	18	493	0.0	880	493
LinJ.34	34G-958778r	100.000	41	0	0	387	427	425	465	2.04e-15	76.8	524
LinJ.34	34G-922737r	100.000	39	0	0	389	427	428	466	2.63e-14	73.1	525
LinJ.34	34G-922737r	100.000	525	0	0	73	597	525	1	0.0	970	525
LinJ.34	34G-899185r	100.000	39	0	0	132	170	444	406	3.03e-14	73.1	493
LinJ.34	34G-943043d	100.000	516	0	0	64	579	516	1	0.0	953	516
LinJ.34	34G-958778r	100.000	519	0	0	82	600	524	6	0.0	959	524
LinJ.34	34G-899185r	100.000	41	0	0	141	181	444	404	2.31e-15	76.8	493
LinJ.34	34G-958778r	100.000	514	0	0	61	574	1	514	0.0	950	524
LinJ.34	34G-899185r	100.000	41	0	0	485	525	404	444	2.22e-15	76.8	493
LinJ.34	34H-1066527r	100.000	585	0	0	16	600	585	1	0.0	1081	585
LinJ.34	34H-1104219d	100.000	496	0	0	1	496	91	586	0.0	917	586
LinJ.34	34H-1111631d	100.000	604	0	0	1	604	37	640	0.0	1116	661
LinJ.34	34H-1111631d	100.000	559	0	0	3	561	661	103	0.0	1033	661
LinJ.34	34H-1127409d	100.000	510	0	0	16	525	510	1	0.0	942	510
LinJ.34	34I-1153369d	100.000	530	0	0	1	530	64	593	0.0	979	607
LinJ.34	34I-1168514d	100.000	502	0	0	1	502	31	532	0.0	928	532
LinJ.34	34I-1172523d	100.000	527	0	0	1	527	81	607	0.0	974	607
LinJ.34	34-1672901r	100.000	471	0	0	1	471	42	512	0.0	870	512
LinJ.34	34-1672901r	100.000	471	0	0	1	471	42	512	0.0	870	512
LinJ.34	34K-127397d	100.000	465	0	0	1	465	48	512	0.0	859	522
LinJ.34	34K-1286090d	100.000	475	0	0	1	475	48	522	0.0	878	522
LinJ.34	34-1310067d	100.000	554	0	0	1	554	20	573	0.0	1024	573
LinJ.34	34-1386619d	100.000	540	0	0	14	553	557	18	0.0	998	557
LinJ.34	34L-1412692d	100.000	292	0	0	1	292	292	1	5.14e-155	540	332
LinJ.34	34L-1491224d	100.000	307	0	0	1	307	307	1	3.02e-163	568	332
LinJ.34	34-1502042d	100.000	496	0	0	1	496	496	1	0.0	917	554
LinJ.34	34-1502042d	100.000	515	0	0	1	515	29	543	0.0	952	554
LinJ.34	34M-1521780d	100.000	505	0	0	1	505	592	88	0.0	933	597
LinJ.34	34M-1525685r	100.000	505	0	0	1	505	592	88	0.0	933	597
LinJ.34	34-1565521r	100.000	479	0	0	24	502	1	479	0.0	885	513
LinJ.35	35A-2069688r	100.000	498	0	0	11	508	498	1	0.0	920	498
LinJ.35	35A-2069688r	100.000	498	0	0	11	508	498	1	0.0	920	498
LinJ.35	35A-41620r	100.000	487	0	0	25	511	1	487	0.0	900	487
LinJ.35	35A-58693d	100.000	502	0	0	23	524	502	1	0.0	928	502
LinJ.35	35-103785r	100.000	583	0	0	1	583	583	1	0.0	1077	588
LinJ.35	35-260414d	100.000	543	0	0	5	547	1	543	0.0	1003	559
LinJ.35	35-315582d	100.000	578	0	0	14	591	578	1	0.0	1068	578
LinJ.35	35-336806d	100.000	556	0	0	1	556	28	583	0.0	1027	587
LinJ.35	35B-364332d	100.000	449	0	0	55	503	1	449	0.0	830	453
LinJ.35	5-354104d	100.000	28	0	0	224	251	135	162	3.26e-08	52.8	442
LinJ.35	35B-385760d	100.000	522	0	0	11	532	522	1	0.0	965	522
LinJ.35	35C-416008d	100.000	421	0	0	3	423	421	1	0.0	778	421
LinJ.35	35C-452591d	100.000	525	0	0	45	569	1	525	0.0	970	527
LinJ.35	35-498559r	100.000	542	0	0	1	542	542	1	0.0	1002	567
LinJ.35	35D-544895d	100.000	512	0	0	1	512	512	1	0.0	946	518
LinJ.35	35D-553758r	100.000	512	0	0	1	512	512	1	0.0	946	518
LinJ.35	35D-595714d	100.000	409	0	0	63	471	409	1	0.0	756	409
LinJ.35	35F-2074715r	100.000	453	0	0	48	500	457	5	0.0	837	457
LinJ.35	35F-659109r	100.000	180	0	0	321	500	184	5	1.03e-92	333	244
LinJ.35	35F-689542r	100.000	565	0	0	1	565	565	1	0.0	1044	572
LinJ.35	28E-608778r	100.000	28	0	0	455	482	127	100	3.72e-08	52.8	559
LinJ.35	28E-598277r	100.000	28	0	0	455	482	172	145	3.72e-08	52.8	604
LinJ.35	28E-586649d	100.000	28	0	0	455	482	172	145	3.72e-08	52.8	570
LinJ.35	28E-545683r	100.000	28	0	0	455	482	56	29	3.72e-08	52.8	454
LinJ.35	35F-704686r	100.000	574	0	0	1	574	575	2	0.0	1061	582
LinJ.35	35F-710911r	100.000	565	0	0	1	565	565	1	0.0	1044	566
LinJ.35	35F-724657d	100.000	542	0	0	35	576	1	542	0.0	1002	574
LinJ.35	28E-608778r	100.000	28	0	0	126	153	100	127	3.75e-08	52.8	559
LinJ.35	28E-598277r	100.000	28	0	0	126	153	145	172	3.75e-08	52.8	604
LinJ.35	28E-586649d	100.000	28	0	0	126	153	145	172	3.75e-08	52.8	570
LinJ.35	28E-545683r	100.000	28	0	0	126	153	29	56	3.75e-08	52.8	454
LinJ.35	35F-724657d	100.000	508	0	0	1	508	573	66	0.0	939	574
LinJ.35	28E-608778r	100.000	28	0	0	455	482	127	100	3.29e-08	52.8	559
LinJ.35	28E-598277r	100.000	28	0	0	455	482	172	145	3.29e-08	52.8	604
LinJ.35	28E-586649d	100.000	28	0	0	455	482	172	145	3.29e-08	52.8	570
LinJ.35	28E-545683r	100.000	28	0	0	455	482	56	29	3.29e-08	52.8	454
LinJ.35	35F-735969d	100.000	542	0	0	3	544	1	542	0.0	1002	565
LinJ.35	35F-735969d	100.000	500	0	0	9	508	565	66	0.0	924	565
LinJ.35	35G-828008d	100.000	570	0	0	1	570	570	1	0.0	1053	571
LinJ.35	35G-835333d	100.000	571	0	0	6	576	1	571	0.0	1055	571
LinJ.35	35-870942d	100.000	479	0	0	22	500	479	1	0.0	885	479
LinJ.35	35-947855d	100.000	543	0	0	11	553	566	24	0.0	1003	566
LinJ.35	35-992250d	100.000	559	0	0	22	580	1	559	0.0	1033	581
LinJ.35	35H-1047574d	100.000	322	0	0	324	645	1	322	1.59e-171	595	322
LinJ.35	35-1104885r	100.000	552	0	0	1	552	552	1	0.0	1020	554
LinJ.35	35I-1127570r	100.000	464	0	0	99	562	1	464	0.0	857	469
LinJ.35	35-1185665r	100.000	542	0	0	1	542	544	3	0.0	1002	548
LinJ.35	35J-1320100r	100.000	514	0	0	43	556	1	514	0.0	950	514
LinJ.35	35J-1349318d	100.000	507	0	0	1	507	44	550	0.0	937	550
LinJ.35	35J-1355845r	100.000	510	0	0	1	510	44	553	0.0	942	553
LinJ.35	35K-1390003r	100.000	454	0	0	36	489	454	1	0.0	839	454
LinJ.35	35K-1397604d	100.000	427	0	0	61	487	465	39	0.0	789	465
LinJ.35	35-1531402r	100.000	504	0	0	4	507	515	12	0.0	931	515
LinJ.35	35-1554674d	100.000	491	0	0	80	570	1	491	0.0	907	558
LinJ.35	35-1554674d	100.000	517	0	0	1	517	517	1	0.0	955	558
LinJ.35	35-1617792d	100.000	459	0	0	1	459	13	471	0.0	848	484
LinJ.35	35M-1693985r	100.000	536	0	0	1	536	367	902	0.0	990	902
LinJ.35	35M-1676847d	100.000	536	0	0	1	536	366	901	0.0	990	901
LinJ.35	35M-1693985r	100.000	536	0	0	1	536	367	902	0.0	990	902
LinJ.35	35M-1676847d	100.000	536	0	0	1	536	366	901	0.0	990	901
LinJ.35	35N-1768074d	100.000	521	0	0	1	521	57	577	0.0	963	663
LinJ.35	35N-1830577d	100.000	576	0	0	1	576	21	596	0.0	1064	610
LinJ.35	35N-1818131d	100.000	576	0	0	1	576	21	596	0.0	1064	610
LinJ.35	35N-1830577d	100.000	596	0	0	6	601	1	596	0.0	1101	610
LinJ.35	35N-1818131d	100.000	596	0	0	6	601	1	596	0.0	1101	610
LinJ.35	35N-1852426r	100.000	579	0	0	1	579	24	602	0.0	1070	602
LinJ.35	35N-1864060d	100.000	586	0	0	56	641	1	586	0.0	1083	586
LinJ.35	35O-2033683d	100.000	359	0	0	135	493	1	359	0.0	664	625
LinJ.35	LiSIDER2-32-953057r	100.000	28	0	0	447	474	367	394	3.19e-08	52.8	623
LinJ.35	LiSIDER2-32-937896d	100.000	28	0	0	447	474	251	278	3.19e-08	52.8	507
LinJ.35	LiSIDER2-32-919839r	100.000	28	0	0	447	474	367	394	3.19e-08	52.8	623
LinJ.35	35O-2033683d	100.000	599	0	0	17	615	625	27	0.0	1107	625
LinJ.35	35O-2048736d	100.000	625	0	0	9	633	625	1	0.0	1155	625
LinJ.35	35O-2055790d	100.000	601	0	0	1	601	624	24	0.0	1110	626
LinJ.35	35O-2059787d	100.000	547	0	0	76	622	1	547	0.0	1011	550
LinJ.35	35P-1987377d	100.000	504	0	0	1	504	504	1	0.0	931	518
LinJ.35	35P-1989963d	100.000	506	0	0	1	506	509	4	0.0	935	518
LinJ.36	36A-76633r	100.000	587	0	0	46	632	1	587	0.0	1085	587
LinJ.36	36-112970	100.000	505	0	0	31	535	526	22	0.0	933	526
LinJ.36	36E-557431r	100.000	551	0	0	32	582	592	42	0.0	1018	592
LinJ.36	36E-565221r	100.000	487	0	0	62	548	527	41	0.0	900	527
LinJ.36	36E-578112r	100.000	549	0	0	1	549	590	42	0.0	1014	593
LinJ.36	36E-580697r	100.000	564	0	0	12	575	564	1	0.0	1042	564
LinJ.36	36E-584882d	100.000	553	0	0	25	577	558	6	0.0	1022	558
LinJ.36	36E-625008r	100.000	501	0	0	77	577	501	1	0.0	926	501
LinJ.36	36-764607r	100.000	485	0	0	1	485	485	1	0.0	896	496
LinJ.36	36-818378d	100.000	493	0	0	16	508	493	1	0.0	911	493
LinJ.36	36G-903598d	100.000	424	0	0	96	519	424	1	0.0	784	424
LinJ.36	36G-925357d	100.000	410	0	0	96	505	424	15	0.0	758	424
LinJ.36	36G-925357d	100.000	424	0	0	36	459	424	1	0.0	784	424
LinJ.36	36G-903598d	100.000	410	0	0	36	445	424	15	0.0	758	424
LinJ.36	36H-975535d	100.000	498	0	0	63	560	522	25	0.0	920	522
LinJ.36	36H-988389d	100.000	493	0	0	1	493	517	25	0.0	911	522
LinJ.36	36-1016962d	100.000	504	0	0	29	532	1	504	0.0	931	508
LinJ.36	36I-1029745r	100.000	382	0	0	132	513	382	1	0.0	706	382
LinJ.36	36J-1149605r	100.000	421	0	0	20	440	421	1	0.0	778	421
LinJ.36	36-1296535r	100.000	535	0	0	1	535	557	23	0.0	989	576
LinJ.36	36K-1398728r	100.000	579	0	0	15	593	1	579	0.0	1070	584
LinJ.36	36K-1403656d	100.000	544	0	0	8	551	581	38	0.0	1005	581
LinJ.36	36K-1454200d	100.000	551	0	0	1	551	551	1	0.0	1018	551
LinJ.36	36L-1524602d	100.000	528	0	0	11	538	551	24	0.0	976	551
LinJ.36	36L-1507767r	100.000	528	0	0	11	538	551	24	0.0	976	551
LinJ.36	36L-1524602d	100.000	551	0	0	2	552	551	1	0.0	1018	551
LinJ.36	36L-1507767r	100.000	540	0	0	2	541	551	12	0.0	998	551
LinJ.36	36-1625720r	100.000	524	0	0	1	524	524	1	0.0	968	526
LinJ.36	36-1668585d	100.000	539	0	0	20	558	1	539	0.0	996	549
LinJ.36	36N-1758484d	100.000	566	0	0	21	586	582	17	0.0	1046	582
LinJ.36	36N-1768910d	100.000	566	0	0	10	575	582	17	0.0	1046	582
LinJ.36	36-1878847d	100.000	549	0	0	10	558	1	549	0.0	1014	558
LinJ.36	36-1900796d	100.000	532	0	0	51	582	532	1	0.0	983	532
LinJ.36	36-1931859r	100.000	538	0	0	4	541	1	538	0.0	994	540
LinJ.36	36-1974189r	100.000	543	0	0	59	601	1	543	0.0	1003	558
LinJ.36	36O-2003680r	100.000	474	0	0	37	510	1	474	0.0	876	474
LinJ.36	36O-2074155r	100.000	589	0	0	50	638	1	589	0.0	1088	615
LinJ.36	36O-2121374r	100.000	585	0	0	1	585	5	589	0.0	1081	611
LinJ.36	36P-2255830d	100.000	510	0	0	27	536	598	89	0.0	942	598
LinJ.36	36P-2237383r	100.000	510	0	0	27	536	595	86	0.0	942	595
LinJ.36	36P-2255830d	100.000	564	0	0	1	564	32	595	0.0	1042	598
LinJ.36	36P-2237383r	100.000	564	0	0	1	564	29	592	0.0	1042	595
LinJ.36	36-2337822r	100.000	435	0	0	1	435	3	437	0.0	804	437
LinJ.36	36-2385833r	100.000	552	0	0	1	552	31	582	0.0	1020	582
LinJ.36	36Q-2435101r	100.000	520	0	0	1	520	60	579	0.0	961	579
LinJ.36	36Q-2464596r	100.000	583	0	0	46	628	1	583	0.0	1077	583
LinJ.36	36R-2565107r	100.000	609	0	0	1	609	609	1	0.0	1125	609
LinJ.36	36R-2579314r	100.000	534	0	0	1	534	568	35	0.0	987	570
LinJ.36	36R-2588880r	100.000	524	0	0	46	569	524	1	0.0	968	524
LinJ.36	36R-2595839r	100.000	583	0	0	1	583	583	1	0.0	1077	584
LinJ.36	36R-2595839r	100.000	559	0	0	83	641	1	559	0.0	1033	584
LinJ.36	36R-2622909r	100.000	566	0	0	15	580	1	566	0.0	1046	584
LinJ.36	36R-2637875r	100.000	582	0	0	5	586	584	3	0.0	1075	584
