1 gi|1 44 353
2 gi|1 2626 2781
3 gi|1 7392 7533
4 gi|1 36002 36146
5 gi|1 38390 38537
6 gi|10 3322 3487
7 gi|10 5010 5132
8 gi|10 6666 6744
9 gi|10 7284 7317
10 gi|10 9289 9419
11 gi|10 10117 10194
12 gi|10 21942 21981
13 gi|10 25277 25425
14 gi|10 26426 26517
15 gi|10 28241 28357
16 gi|10 32341 32464
17 gi|10 32765 32814
18 gi|10 37023 37065
19 gi|10 39185 39320
20 gi|100 7995 8150
21 gi|100 19787 19989
22 gi|100 20542 20716
23 gi|100 25446 25523
24 gi|100 27130 27252
25 gi|100 29213 29408
26 gi|100 33547 33626
27 gi|101 1178 1441
28 gi|101 7662 7718
29 gi|101 8219 8333
30 gi|101 8939 9099
31 gi|101 23841 23959
32 gi|101 23932 24206
33 gi|101 26617 26784
34 gi|101 34370 34519
35 gi|101 35707 36046
36 gi|102 5518 5614
37 gi|102 10322 10409
38 gi|102 30486 30619
39 gi|103 12261 12307
40 gi|103 21151 21836
41 gi|103 21830 22164
42 gi|103 25188 25266
43 gi|103 29966 30083
44 gi|103 32038 32121
45 gi|103 33060 33175
46 gi|103 33124 33271
47 gi|103 34157 34257
48 gi|103 36936 37260
49 gi|103 38981 39104
50 gi|104 296 352
51 gi|104 624 679
52 gi|104 923 1054
53 gi|104 1500 2935
54 gi|104 15735 15862
55 gi|104 16498 16563
56 gi|104 27703 28437
57 gi|104 34267 34391
58 gi|104 34815 35095
59 gi|104 39785 39885
60 gi|105 594 762
61 gi|105 990 1053
62 gi|105 4526 4622
63 gi|105 10875 10959
64 gi|105 13506 14064
65 gi|105 28240 28320
66 gi|105 37753 37904
67 gi|106 3159 3509
68 gi|106 13009 13115
69 gi|106 29282 29411
70 gi|106 34803 34909
71 gi|107 4706 4862
72 gi|107 5006 5080
73 gi|107 5169 5262
74 gi|107 7151 7317
75 gi|107 8188 8262
76 gi|107 16109 16197
77 gi|107 23621 23707
78 gi|107 29584 29635
79 gi|107 31153 31241
80 gi|107 32309 32368
81 gi|107 35219 35347
82 gi|108 110 8173
83 gi|108 17327 17421
84 gi|108 21684 21787
85 gi|108 23165 23260
86 gi|108 25923 26034
87 gi|108 26475 26556
88 gi|108 30357 30541
89 gi|109 1900 2047
90 gi|109 3817 3954
91 gi|109 5468 5631
92 gi|109 5983 8007
93 gi|109 12017 13687
94 gi|109 13757 13886
95 gi|109 14967 16925
96 gi|109 18032 18189
97 gi|109 20258 20388
98 gi|109 21909 23616
99 gi|109 26270 26407
100 gi|109 31350 31720
101 gi|11 94 173
102 gi|11 791 961
103 gi|11 2497 2573
104 gi|11 2952 3185
105 gi|11 3907 4292
106 gi|11 17406 17490
107 gi|11 20230 20436
108 gi|11 35032 35126
109 gi|11 39345 39445
110 gi|110 7257 7371
111 gi|110 7544 7662
112 gi|110 16621 17179
113 gi|110 30736 30918
114 gi|110 37224 37839
115 gi|111 4691 4900
116 gi|111 4855 4946
117 gi|111 15621 15764
118 gi|111 17864 17939
119 gi|111 22348 22428
120 gi|111 28421 28509
121 gi|111 30936 31011
122 gi|111 34964 35146
123 gi|112 222 377
124 gi|112 5922 6150
125 gi|112 9693 9789
126 gi|112 15368 15425
127 gi|112 15922 15997
128 gi|112 22427 22582
129 gi|112 25200 25306
130 gi|112 30931 31146
131 gi|112 31542 31762
132 gi|112 32066 32274
133 gi|113 11198 11244
134 gi|113 14979 15068
135 gi|113 33995 34078
136 gi|113 34340 34467
137 gi|113 37310 37427
138 gi|114 86 4279
139 gi|114 7049 8005
140 gi|114 7743 8567
141 gi|114 18264 18436
142 gi|114 22682 22749
143 gi|114 35684 35785
144 gi|114 35897 35975
145 gi|115 7784 8339
146 gi|115 9395 9500
147 gi|115 10539 10756
148 gi|115 14620 14725
149 gi|115 17841 17981
150 gi|115 36467 36725
151 gi|115 37484 37578
152 gi|115 40121 40247
153 gi|116 69 193
154 gi|116 16988 17298
155 gi|116 19354 19664
156 gi|116 20589 20648
157 gi|116 21001 21223
158 gi|116 21204 21323
159 gi|116 27355 27446
160 gi|116 34878 34950
161 gi|117 3513 3577
162 gi|117 7904 7995
163 gi|117 15462 15600
164 gi|117 28147 28264
165 gi|117 36741 36928
166 gi|118 7909 8278
167 gi|118 12649 13187
168 gi|118 33469 33619
169 gi|119 4690 4798
170 gi|119 7869 8008
171 gi|119 11732 11819
172 gi|119 19082 19203
173 gi|119 22188 22310
174 gi|119 22381 22426
175 gi|119 22817 22976
176 gi|119 34126 34220
177 gi|119 38465 38557
178 gi|12 5833 5924
179 gi|12 7560 7637
180 gi|12 10548 10620
181 gi|12 12883 12977
182 gi|12 13077 13167
183 gi|12 13382 15072
184 gi|12 14300 19527
185 gi|12 19998 21827
186 gi|12 21903 22216
187 gi|120 245 399
188 gi|120 4412 4510
189 gi|120 4479 4547
190 gi|120 8288 8670
191 gi|120 10213 10694
192 gi|120 15903 15961
193 gi|120 17993 18329
194 gi|120 18974 19067
195 gi|120 23763 23902
196 gi|120 25419 25576
197 gi|120 28257 28362
198 gi|120 33158 33296
199 gi|120 34424 34559
200 gi|121 2539 2619
201 gi|121 5472 5642
202 gi|121 9228 9331
203 gi|121 9306 9385
204 gi|121 26090 26207
205 gi|121 31647 31778
206 gi|121 33726 34316
207 gi|121 35022 39506
208 gi|122 13355 13450
209 gi|122 15271 15418
210 gi|122 18737 18853
211 gi|122 19388 19587
212 gi|122 25591 25839
213 gi|123 901 1063
214 gi|123 3096 3231
215 gi|123 3532 3677
216 gi|123 10341 10434
217 gi|123 11902 12350
218 gi|123 21023 21114
219 gi|123 21568 21797
220 gi|123 21938 22039
221 gi|123 23166 23373
222 gi|123 26543 26630
223 gi|123 27712 27810
224 gi|123 31446 31672
225 gi|123 39394 39526
226 gi|124 9350 9509
227 gi|124 14628 16291
228 gi|124 16395 16499
229 gi|124 18602 18656
230 gi|124 20673 20853
231 gi|124 26864 26947
232 gi|124 27003 27380
233 gi|124 28883 28984
234 gi|125 765 1001
235 gi|125 2243 2389
236 gi|125 4185 4365
237 gi|125 4975 5107
238 gi|125 7640 7766
239 gi|125 13405 13549
240 gi|126 10338 10438
241 gi|126 12055 12454
242 gi|126 28995 29183
243 gi|126 31154 31280
244 gi|126 38128 38265
245 gi|127 2278 2364
246 gi|127 7934 8020
247 gi|127 8934 9141
248 gi|127 25373 25539
249 gi|127 28503 28867
250 gi|128 22220 22411
251 gi|128 27088 27252
252 gi|128 30437 30530
253 gi|128 31265 31527
254 gi|128 38202 38428
255 gi|129 1824 1927
256 gi|129 9006 9041
257 gi|129 9454 9581
258 gi|129 12127 12230
259 gi|129 23408 23495
260 gi|13 32 214
261 gi|13 10704 10825
262 gi|13 12113 12667
263 gi|13 14156 14332
264 gi|13 20812 20980
265 gi|13 21980 22101
266 gi|130 7961 8059
267 gi|130 11825 11891
268 gi|130 13634 13788
269 gi|130 14077 14150
270 gi|130 19770 19859
271 gi|130 22373 22469
272 gi|130 28718 28803
273 gi|131 7561 8036
274 gi|131 7903 8205
275 gi|131 8484 10106
276 gi|131 10438 15699
277 gi|131 23994 24136
278 gi|131 25851 25956
279 gi|131 38663 38736
280 gi|132 7996 8100
281 gi|132 16762 16871
282 gi|132 24407 24485
283 gi|132 29644 30869
284 gi|133 7003 7068
285 gi|133 21261 21369
286 gi|133 24935 25111
287 gi|133 32962 33032
288 gi|134 1 50
289 gi|134 13425 13522
290 gi|134 20598 20790
291 gi|134 35979 36352
292 gi|134 37201 37306
293 gi|134 38267 38358
294 gi|135 463 553
295 gi|135 1621 1867
296 gi|135 2267 2495
297 gi|135 3621 3776
298 gi|135 16189 16261
299 gi|135 19454 19539
300 gi|135 19498 19587
301 gi|135 36832 37072
302 gi|135 37106 38023
303 gi|136 2638 2806
304 gi|136 11149 11385
305 gi|136 11302 11533
306 gi|136 12908 13148
307 gi|136 13324 13458
308 gi|136 13434 13590
309 gi|136 13799 14025
310 gi|136 14910 15121
311 gi|136 16370 16445
312 gi|136 19344 19489
313 gi|136 20200 20451
314 gi|136 27406 27567
315 gi|137 16175 16324
316 gi|137 20496 20592
317 gi|137 21209 21346
318 gi|137 30538 30787
319 gi|138 1684 1815
320 gi|138 2971 3116
321 gi|138 3769 3816
322 gi|138 6670 6833
323 gi|138 8130 8210
324 gi|138 9829 9999
325 gi|138 15087 15293
326 gi|138 18216 18374
327 gi|138 27404 27611
328 gi|138 30582 30735
329 gi|138 35500 36344
330 gi|139 9000 9141
331 gi|139 11079 11247
332 gi|139 14116 14182
333 gi|139 17038 17226
334 gi|139 20317 20549
335 gi|139 29358 29571
336 gi|139 29877 30048
337 gi|139 32236 32426
338 gi|139 32444 32554
339 gi|139 34945 35000
340 gi|14 3790 3905
341 gi|14 4309 4392
342 gi|14 7290 7619
343 gi|14 12434 12564
344 gi|14 24761 24802
345 gi|14 33160 33254
346 gi|14 34633 34755
347 gi|140 1 408
348 gi|141 883 993
349 gi|141 4238 4376
350 gi|141 5774 5986
351 gi|141 11403 11498
352 gi|141 30049 30162
353 gi|141 30447 30801
354 gi|141 35917 36039
355 gi|142 1281 1388
356 gi|142 3157 3266
357 gi|142 5446 5690
358 gi|142 6020 6115
359 gi|142 6252 6298
360 gi|142 11753 11851
361 gi|142 11867 11917
362 gi|142 12048 12168
363 gi|142 13680 13726
364 gi|142 22954 23025
365 gi|142 24970 25062
366 gi|142 28934 29021
367 gi|142 32369 32442
368 gi|142 36480 36561
369 gi|142 40013 40206
370 gi|143 1732 1792
371 gi|143 2219 2313
372 gi|143 20947 21010
373 gi|143 21027 21320
374 gi|143 21388 21453
375 gi|143 21769 21914
376 gi|143 34011 34134
377 gi|143 34653 34746
378 gi|143 35715 35764
379 gi|144 7414 7645
380 gi|144 9972 10085
381 gi|144 10723 10777
382 gi|144 10823 10905
383 gi|144 16518 16764
384 gi|144 22684 22810
385 gi|144 23590 23718
386 gi|144 26183 26600
387 gi|144 26978 27291
388 gi|144 34821 35177
389 gi|145 1016 1083
390 gi|145 1774 1854
391 gi|145 6454 6613
392 gi|145 6685 6804
393 gi|146 9680 9826
394 gi|146 10130 10201
395 gi|146 10168 10301
396 gi|146 11290 11431
397 gi|146 18011 18142
398 gi|146 19216 19320
399 gi|146 24933 25095
400 gi|146 25479 25695
401 gi|146 26250 26378
402 gi|146 26954 27062
403 gi|146 28040 28219
404 gi|146 28236 28340
405 gi|146 28693 28847
406 gi|146 32144 32308
407 gi|146 33375 33437
408 gi|146 34445 34508
409 gi|146 39162 39367
410 gi|147 18 234
411 gi|147 864 1073
412 gi|147 5136 5331
413 gi|147 6354 6560
414 gi|147 6547 6667
415 gi|147 6963 7099
416 gi|147 13392 13507
417 gi|147 19718 19850
418 gi|147 19989 20116
419 gi|147 31947 32066
420 gi|147 34078 34210
421 gi|147 34528 34719
422 gi|147 38501 38692
423 gi|147 38667 38782
424 gi|148 13572 13616
425 gi|148 19934 20029
426 gi|148 19994 20102
427 gi|148 22363 22516
428 gi|148 27230 27354
429 gi|148 31262 31386
430 gi|148 36325 36550
431 gi|148 38348 40139
432 gi|149 8933 9055
433 gi|149 16279 16366
434 gi|149 18318 18806
435 gi|149 18980 19078
436 gi|149 21019 21129
437 gi|149 22045 22208
438 gi|15 5142 5357
439 gi|15 18024 18228
440 gi|15 18669 18766
441 gi|15 22540 22678
442 gi|15 30469 30522
443 gi|150 715 905
444 gi|150 13402 13641
445 gi|150 17057 17098
446 gi|150 25736 25872
447 gi|150 26676 26800
448 gi|150 33613 33693
449 gi|151 2801 2884
450 gi|151 14392 14447
451 gi|151 27672 27943
452 gi|151 30711 30982
453 gi|151 33758 34029
454 gi|151 36811 37082
455 gi|152 120 182
456 gi|152 25374 25475
457 gi|152 29465 29712
458 gi|152 30250 30318
459 gi|152 30600 30698
460 gi|152 37657 38204
461 gi|152 38855 39069
462 gi|152 39373 40400
463 gi|153 1930 2118
464 gi|153 4032 4109
465 gi|153 4148 4391
466 gi|153 6411 6531
467 gi|153 8082 8171
468 gi|153 9390 9560
469 gi|153 19500 19715
470 gi|153 32782 34034
471 gi|153 34469 34544
472 gi|153 36499 36740
473 gi|153 36711 37738
474 gi|154 497 632
475 gi|154 4767 4880
476 gi|154 18840 19009
477 gi|154 19813 20098
478 gi|154 20070 20952
479 gi|154 27081 28860
480 gi|154 28395 29947
481 gi|154 29482 31034
482 gi|154 30570 32121
483 gi|154 31656 33213
484 gi|154 32747 34301
485 gi|154 33838 35395
486 gi|154 37129 37564
487 gi|155 1 1030
488 gi|155 3858 8344
489 gi|155 16582 16717
490 gi|155 36090 36342
491 gi|155 37017 37102
492 gi|156 11 892
493 gi|156 5189 5337
494 gi|156 10103 10252
495 gi|156 10178 10364
496 gi|156 11770 12159
497 gi|156 12611 12756
498 gi|156 13092 13171
499 gi|156 14930 15022
500 gi|156 15645 17690
501 gi|156 18351 18487
502 gi|156 20273 20384
503 gi|156 21708 22158
504 gi|156 22983 23091
505 gi|156 38633 38686
506 gi|157 3500 3612
507 gi|157 8905 8989
508 gi|157 9986 10180
509 gi|157 13009 13065
510 gi|157 31243 31357
511 gi|157 32179 32336
512 gi|157 32287 32515
513 gi|157 35630 36196
514 gi|157 37614 37707
515 gi|158 1163 1217
516 gi|158 1201 1246
517 gi|158 12928 13628
518 gi|158 16522 16638
519 gi|158 20339 20439
520 gi|158 22996 23160
521 gi|158 25431 25485
522 gi|158 32259 32369
523 gi|158 36776 36873
524 gi|158 38997 39108
525 gi|158 39712 39938
526 gi|159 12713 12758
527 gi|159 17351 17658
528 gi|159 17600 17725
529 gi|159 25482 25976
530 gi|159 30550 30866
531 gi|159 30879 30962
532 gi|159 33074 33284
533 gi|159 38865 39002
534 gi|16 28549 28659
535 gi|16 35121 35204
536 gi|16 37037 37355
537 gi|160 2064 2158
538 gi|160 7184 7365
539 gi|160 13016 13094
540 gi|160 18078 18240
541 gi|160 20117 20293
542 gi|160 27233 27363
543 gi|160 31043 31136
544 gi|160 31788 31884
545 gi|160 33607 33655
546 gi|160 37799 37868
547 gi|160 38589 38663
548 gi|161 9666 9768
549 gi|161 11939 12052
550 gi|161 29346 29413
551 gi|161 32443 32550
552 gi|161 36507 36646
553 gi|162 3014 3170
554 gi|162 4816 4898
555 gi|162 21521 21639
556 gi|162 33782 34008
557 gi|162 34599 34955
558 gi|163 1290 1364
559 gi|163 7493 7556
560 gi|163 11126 11227
561 gi|163 11548 11870
562 gi|163 12262 12717
563 gi|163 19177 19422
564 gi|163 26181 26247
565 gi|163 34473 34637
566 gi|164 14770 14882
567 gi|164 25976 26042
568 gi|164 26018 26104
569 gi|164 33547 34059
570 gi|165 8339 8481
571 gi|165 10477 10562
572 gi|165 14440 14814
573 gi|165 21559 21629
574 gi|165 30614 30749
575 gi|165 35649 35744
576 gi|165 35961 36029
577 gi|166 5114 5285
578 gi|166 11638 11829
579 gi|166 32218 32276
580 gi|166 33016 33073
581 gi|167 3075 3179
582 gi|167 4019 5087
583 gi|167 7125 7331
584 gi|167 7923 8057
585 gi|167 8950 9025
586 gi|167 10852 11831
587 gi|167 15729 15817
588 gi|167 18187 18263
589 gi|167 18870 18945
590 gi|167 27701 27794
591 gi|167 29221 29299
592 gi|167 33524 33641
593 gi|168 4089 4205
594 gi|168 4650 4782
595 gi|168 4815 5145
596 gi|168 12555 12647
597 gi|168 21894 22227
598 gi|168 28331 28432
599 gi|168 32664 32765
600 gi|168 36998 37099
601 gi|169 1714 1846
602 gi|169 15407 19002
603 gi|169 20767 25275
604 gi|169 25993 28354
605 gi|170 1080 1586
606 gi|170 8077 8190
607 gi|170 9828 10271
608 gi|170 11506 11635
609 gi|170 14446 14620
610 gi|170 14567 14756
611 gi|170 26135 27196
612 gi|170 29447 29592
613 gi|170 29723 29835
614 gi|170 31503 31549
615 gi|170 35945 36007
616 gi|170 35977 36048
617 gi|171 4696 5039
618 gi|171 9211 9458
619 gi|171 18809 18919
620 gi|171 24670 25038
621 gi|171 25396 25534
622 gi|172 12214 12708
623 gi|172 19705 19838
624 gi|172 24604 24998
625 gi|172 26447 26871
626 gi|172 36405 36483
627 gi|173 160 249
628 gi|173 4463 4519
629 gi|173 13956 14148
630 gi|173 14674 14825
631 gi|173 14800 14918
632 gi|173 15283 15917
633 gi|173 24477 24804
634 gi|173 24841 24913
635 gi|173 29510 29591
636 gi|173 31881 31954
637 gi|173 36763 36987
638 gi|174 2769 3170
639 gi|174 4137 4359
640 gi|174 4813 4967
641 gi|174 9689 9833
642 gi|174 12756 12815
643 gi|174 15420 15600
644 gi|174 17849 17958
645 gi|174 22984 23133
646 gi|174 26430 26493
647 gi|174 27104 27194
648 gi|174 27171 27218
649 gi|174 27223 27362
650 gi|174 29596 29676
651 gi|174 30267 30413
652 gi|174 30936 31126
653 gi|174 33818 33893
654 gi|174 34458 34601
655 gi|174 38962 39058
656 gi|175 1294 1424
657 gi|175 11540 11682
658 gi|175 13827 14006
659 gi|175 16179 16441
660 gi|175 18561 18645
661 gi|175 21921 21978
662 gi|175 24622 24685
663 gi|175 27359 27456
664 gi|175 28132 28221
665 gi|175 31473 31584
666 gi|175 31883 31979
667 gi|175 39201 39387
668 gi|176 151 266
669 gi|176 5869 6036
670 gi|176 7165 7276
671 gi|176 7493 7537
672 gi|176 10853 11464
673 gi|176 12227 12372
674 gi|176 13628 13719
675 gi|176 18302 18376
676 gi|176 19313 19407
677 gi|176 20352 20475
678 gi|176 25819 26257
679 gi|176 28558 28996
680 gi|176 30918 30986
681 gi|176 31571 31802
682 gi|176 32057 32495
683 gi|176 35297 35411
684 gi|177 7236 7443
685 gi|177 10578 10679
686 gi|177 16313 16416
687 gi|177 19662 19790
688 gi|177 20355 20630
689 gi|177 20559 20762
690 gi|177 30253 30412
691 gi|178 1549 2119
692 gi|178 11770 12991
693 gi|178 16937 17054
694 gi|178 18512 18617
695 gi|178 19073 19997
696 gi|178 30399 30552
697 gi|178 32944 33564
698 gi|178 35877 36019
699 gi|179 9195 9676
700 gi|179 27496 27608
701 gi|179 40343 40455
702 gi|18 7231 7435
703 gi|18 8318 8355
704 gi|18 8724 9041
705 gi|18 12274 12360
706 gi|18 23570 23746
707 gi|18 24930 26300
708 gi|18 36433 36553
709 gi|18 39026 39114
710 gi|180 12742 12844
711 gi|180 13937 14012
712 gi|180 25787 25914
713 gi|180 30030 30124
714 gi|180 39736 39845
715 gi|180 39997 40141
716 gi|181 300 361
717 gi|181 1397 2120
718 gi|181 9131 9242
719 gi|181 11197 12579
720 gi|181 13486 13673
721 gi|181 17230 17822
722 gi|181 23896 24027
723 gi|181 29879 30045
724 gi|181 39078 39367
725 gi|182 157 258
726 gi|182 16371 16818
727 gi|182 17013 17080
728 gi|182 25756 26003
729 gi|182 29617 29714
730 gi|182 38405 38476
731 gi|182 40023 40133
732 gi|183 10272 10421
733 gi|183 16509 16645
734 gi|183 20606 20698
735 gi|183 20654 20797
736 gi|183 21946 22038
737 gi|183 23525 23661
738 gi|183 33261 33325
739 gi|183 36706 36834
740 gi|184 6464 6592
741 gi|184 6961 8029
742 gi|184 10491 10685
743 gi|184 10786 10846
744 gi|184 14022 14106
745 gi|184 14084 14251
746 gi|184 25268 25549
747 gi|184 27142 27227
748 gi|184 36577 36720
749 gi|185 5142 5338
750 gi|185 5319 5432
751 gi|185 6858 7109
752 gi|185 7635 8538
753 gi|185 15997 16096
754 gi|185 17692 17817
755 gi|185 17791 17899
756 gi|185 38634 39188
757 gi|185 39267 39345
758 gi|186 9671 9752
759 gi|186 11081 11348
760 gi|186 11719 11978
761 gi|186 19446 20148
762 gi|186 21091 21236
763 gi|186 25445 25524
764 gi|186 31630 31754
765 gi|186 37358 37646
766 gi|186 38827 40211
767 gi|187 239 387
768 gi|187 6314 6389
769 gi|187 9169 9313
770 gi|187 9283 9403
771 gi|188 8413 8474
772 gi|188 14848 14983
773 gi|188 16991 17797
774 gi|188 19321 19423
775 gi|188 22143 22338
776 gi|188 23963 24693
777 gi|188 25937 26044
778 gi|188 26861 27069
779 gi|188 27378 27768
780 gi|188 28003 28269
781 gi|189 2849 2927
782 gi|189 4472 4553
783 gi|189 5099 5292
784 gi|189 13173 13323
785 gi|189 17136 17210
786 gi|189 28979 29410
787 gi|189 32512 32660
788 gi|189 35467 37165
789 gi|189 39113 39215
790 gi|189 39332 39502
791 gi|189 39540 39639
792 gi|19 2243 2470
793 gi|19 9696 9752
794 gi|19 11793 11913
795 gi|19 13231 13417
796 gi|19 20929 21467
797 gi|19 23825 23918
798 gi|19 31086 31148
799 gi|19 36416 36530
800 gi|190 77 4500
801 gi|190 7242 7363
802 gi|190 8593 8723
803 gi|190 9072 9216
804 gi|190 9889 9983
805 gi|190 26132 26344
806 gi|190 26436 26488
807 gi|190 30677 30815
808 gi|190 31602 31671
809 gi|190 31864 32028
810 gi|190 32129 32819
811 gi|190 37370 37992
812 gi|191 105 162
813 gi|191 317 373
814 gi|191 471 607
815 gi|191 21383 21471
816 gi|191 21445 21727
817 gi|191 22814 22888
818 gi|191 30447 30594
819 gi|191 34907 35011
820 gi|191 34967 35165
821 gi|192 1173 1289
822 gi|192 14544 14725
823 gi|192 19907 20129
824 gi|192 21135 21219
825 gi|192 21612 21727
826 gi|192 29946 30005
827 gi|192 30828 30903
828 gi|192 31089 31352
829 gi|192 32664 32776
830 gi|192 34726 34851
831 gi|193 4743 5029
832 gi|193 11602 11721
833 gi|193 13613 13740
834 gi|193 15918 16018
835 gi|193 16639 16968
836 gi|193 17671 18251
837 gi|193 27404 27489
838 gi|193 28327 28555
839 gi|193 31484 31553
840 gi|193 33428 33567
841 gi|193 35333 35536
842 gi|194 231 344
843 gi|194 5718 5835
844 gi|194 8912 9040
845 gi|194 10846 10931
846 gi|194 13956 14052
847 gi|194 14141 14253
848 gi|194 17056 17209
849 gi|194 18741 18854
850 gi|194 23375 23467
851 gi|194 23490 23625
852 gi|194 27074 27144
853 gi|194 29541 29633
854 gi|194 38175 38287
855 gi|195 8752 9059
856 gi|195 14939 15055
857 gi|195 17617 17715
858 gi|195 19624 19666
859 gi|195 26318 26488
860 gi|195 30056 30191
861 gi|196 10708 10855
862 gi|196 15070 17090
863 gi|197 141 239
864 gi|197 17456 17526
865 gi|197 28056 28169
866 gi|197 31042 31098
867 gi|197 33346 33435
868 gi|198 2132 2294
869 gi|198 2611 2835
870 gi|198 16853 16996
871 gi|198 21260 21496
872 gi|198 23008 23146
873 gi|198 23840 23989
874 gi|198 30922 31175
875 gi|198 33444 34065
876 gi|198 34672 34892
877 gi|199 402 495
878 gi|199 21326 21386
879 gi|199 29095 29205
880 gi|199 35074 35176
881 gi|2 14187 14277
882 gi|2 21561 21694
883 gi|2 21935 22138
884 gi|2 37902 37988
885 gi|2 38216 38340
886 gi|20 2796 2860
887 gi|20 9045 9147
888 gi|20 13265 13383
889 gi|20 37256 37399
890 gi|20 39370 39419
891 gi|20 39832 39937
892 gi|200 1357 1503
893 gi|200 7488 7979
894 gi|200 8764 9202
895 gi|200 9096 10462
896 gi|200 10427 10501
897 gi|200 12566 12660
898 gi|200 17126 19093
899 gi|200 20616 21966
900 gi|200 26940 27117
901 gi|200 27959 28054
902 gi|200 37408 37619
903 gi|201 623 736
904 gi|201 14163 14437
905 gi|201 20128 20298
906 gi|201 28264 28337
907 gi|201 36818 36995
908 gi|201 37066 37111
909 gi|201 37477 37682
910 gi|201 38879 38972
911 gi|201 39451 39655
912 gi|202 1776 3568
913 gi|202 5366 7157
914 gi|202 8955 10743
915 gi|202 12541 14332
916 gi|202 16130 17927
917 gi|202 19726 21512
918 gi|202 23310 25102
919 gi|202 26900 28696
920 gi|202 30494 30765
921 gi|202 36361 36440
922 gi|202 37047 37274
923 gi|203 1530 2105
924 gi|203 10106 10193
925 gi|203 12437 12621
926 gi|203 13392 13468
927 gi|203 19162 19226
928 gi|203 32386 32505
929 gi|203 34869 34965
930 gi|204 2108 2280
931 gi|204 2541 2684
932 gi|204 5122 5199
933 gi|204 6623 6814
934 gi|204 7710 7928
935 gi|204 10052 10123
936 gi|204 13816 13909
937 gi|204 14989 15077
938 gi|204 16969 17283
939 gi|204 17486 17651
940 gi|204 31079 31208
941 gi|204 33736 33905
942 gi|205 4211 4321
943 gi|205 9914 9983
944 gi|205 13019 13226
945 gi|205 14832 14921
946 gi|205 25449 25508
947 gi|205 27847 28020
948 gi|205 37264 37470
949 gi|205 38975 39119
950 gi|206 1 3223
951 gi|206 6659 7125
952 gi|206 7308 7609
953 gi|206 14074 14283
954 gi|206 15981 16055
955 gi|206 17474 17624
956 gi|206 28250 28383
957 gi|206 33158 33242
958 gi|206 38403 38609
959 gi|207 1074 1502
960 gi|207 32253 32377
961 gi|207 32357 32481
962 gi|207 32466 32692
963 gi|207 34212 34256
964 gi|207 35396 35542
965 gi|208 1 344
966 gi|208 18570 18879
967 gi|208 20345 20873
968 gi|208 24755 24901
969 gi|208 26961 27107
970 gi|208 29167 29313
971 gi|208 31373 31519
972 gi|208 33585 33731
973 gi|208 35791 35937
974 gi|208 37998 38144
975 gi|208 40204 40350
976 gi|209 19339 19415
977 gi|209 20505 20620
978 gi|209 21282 21463
979 gi|209 24257 24921
980 gi|209 31248 31422
981 gi|21 1316 1428
982 gi|210 1902 2045
983 gi|210 5614 5759
984 gi|210 9063 9365
985 gi|210 9735 10324
986 gi|210 17411 17839
987 gi|210 20067 21818
988 gi|210 22119 22215
989 gi|210 24978 25104
990 gi|210 34656 34755
991 gi|210 37642 37728
992 gi|210 39021 39075
993 gi|211 21484 21645
994 gi|211 23287 23458
995 gi|211 24983 25051
996 gi|211 30789 31008
997 gi|211 37163 37271
998 gi|212 606 702
999 gi|212 3121 3743
1000 gi|212 6012 6091
1001 gi|212 14291 14398
1002 gi|212 21721 22035
1003 gi|212 22768 22826
1004 gi|212 24459 25027
1005 gi|212 31189 31293
1006 gi|212 32337 32453
1007 gi|212 36378 38611
1008 gi|213 11 8085
1009 gi|213 9867 9952
1010 gi|213 17767 17912
1011 gi|213 28014 28081
1012 gi|213 34674 34778
1013 gi|214 1 5977
1014 gi|214 25389 25867
1015 gi|214 36703 37214
1016 gi|215 11776 11835
1017 gi|215 13009 13112
1018 gi|215 20036 20251
1019 gi|215 20437 20501
1020 gi|215 21054 21268
1021 gi|215 21575 21734
1022 gi|215 22876 23128
1023 gi|215 28347 28594
1024 gi|216 14914 14995
1025 gi|216 22320 22402
1026 gi|216 27922 27976
1027 gi|216 39154 39500
1028 gi|217 2 648
1029 gi|217 3371 3510
1030 gi|217 3680 3798
1031 gi|217 4876 5011
1032 gi|217 5132 5237
1033 gi|217 6467 6581
1034 gi|217 11262 14773
1035 gi|217 16002 16117
1036 gi|217 20614 25090
1037 gi|217 32692 32871
1038 gi|217 35806 35958
1039 gi|218 5479 5575
1040 gi|218 12440 12535
1041 gi|218 22386 22604
1042 gi|218 23028 23357
1043 gi|219 161 907
1044 gi|219 1483 1583
1045 gi|219 7224 7476
1046 gi|219 20605 21171
1047 gi|219 22401 22529
1048 gi|219 28122 28362
1049 gi|219 28617 28754
1050 gi|219 37227 37337
1051 gi|219 38499 38591
1052 gi|22 1 344
1053 gi|22 465 582
1054 gi|220 126 526
1055 gi|220 527 639
1056 gi|220 1308 1606
1057 gi|220 2764 2862
1058 gi|220 3015 3491
1059 gi|220 5423 5550
1060 gi|220 10428 11000
1061 gi|220 15140 15302
1062 gi|220 27449 27729
1063 gi|220 27817 28406
1064 gi|220 28647 28947
1065 gi|220 32883 32989
1066 gi|220 38003 38093
1067 gi|220 39340 39427
1068 gi|220 40093 40209
1069 gi|221 773 880
1070 gi|221 1186 1385
1071 gi|221 6393 6524
1072 gi|221 10200 10332
1073 gi|221 18025 18100
1074 gi|221 22570 22698
1075 gi|221 27718 27820
1076 gi|221 34806 34929
1077 gi|222 21827 21936
1078 gi|222 23837 24108
1079 gi|222 33204 33816
1080 gi|223 6775 7023
1081 gi|223 22027 22079
1082 gi|223 36649 36731
1083 gi|224 1289 1358
1084 gi|224 4856 4925
1085 gi|224 8421 8490
1086 gi|224 11987 12056
1087 gi|224 15552 15621
1088 gi|224 19119 19188
1089 gi|224 22685 22754
1090 gi|224 26253 26322
1091 gi|224 29819 29888
1092 gi|224 40220 40307
1093 gi|225 706 813
1094 gi|225 7037 7126
1095 gi|225 7664 8255
1096 gi|225 11884 12201
1097 gi|225 17885 18075
1098 gi|225 24660 24767
1099 gi|225 26130 26207
1100 gi|225 27136 27678
1101 gi|225 28757 29004
1102 gi|225 31825 31890
1103 gi|225 35098 35302
1104 gi|225 36468 36947
1105 gi|225 37871 38155
1106 gi|226 3559 3624
1107 gi|226 6275 6895
1108 gi|226 18278 18333
1109 gi|226 29104 29289
1110 gi|226 33126 33282
1111 gi|227 1 112
1112 gi|227 1218 1331
1113 gi|227 2441 2554
1114 gi|227 3663 3775
1115 gi|227 4828 4911
1116 gi|227 4882 4995
1117 gi|227 6104 6217
1118 gi|227 12695 12779
1119 gi|227 13782 14123
1120 gi|227 17833 18148
1121 gi|227 26235 26377
1122 gi|227 29664 29858
1123 gi|228 4647 5909
1124 gi|228 12014 12143
1125 gi|228 12128 12253
1126 gi|228 14297 14356
1127 gi|228 21176 21225
1128 gi|228 33042 33161
1129 gi|228 34283 34684
1130 gi|228 35566 35635
1131 gi|228 36715 36828
1132 gi|229 308 386
1133 gi|229 677 805
1134 gi|229 1395 1533
1135 gi|229 11757 11869
1136 gi|229 26733 26843
1137 gi|229 27478 27733
1138 gi|229 30541 30630
1139 gi|229 30607 30714
1140 gi|229 31856 32117
1141 gi|23 20311 20512
1142 gi|23 31574 32143
1143 gi|23 32887 33087
1144 gi|230 1278 1347
1145 gi|230 1540 1658
1146 gi|230 1786 1880
1147 gi|230 1968 2415
1148 gi|230 2970 3441
1149 gi|230 4068 4168
1150 gi|230 4248 4319
1151 gi|230 5064 5272
1152 gi|230 6449 6728
1153 gi|230 6619 6925
1154 gi|230 7068 7183
1155 gi|230 22945 23081
1156 gi|230 24086 24199
1157 gi|230 34048 34155
1158 gi|230 38253 38363
1159 gi|231 9638 10174
1160 gi|231 10163 11735
1161 gi|231 12060 12120
1162 gi|231 29616 29710
1163 gi|231 29697 29977
1164 gi|231 31096 31166
1165 gi|231 34073 34357
1166 gi|231 34385 34549
1167 gi|231 36578 36737
1168 gi|231 37888 38041
1169 gi|231 38888 39524
1170 gi|232 6619 7183
1171 gi|232 7559 10805
1172 gi|232 12656 17129
1173 gi|232 24562 25126
1174 gi|232 25502 28754
1175 gi|232 31933 31985
1176 gi|232 36861 36977
1177 gi|232 38187 38338
1178 gi|232 39408 39513
1179 gi|233 2385 2461
1180 gi|233 11016 11063
1181 gi|233 13927 13987
1182 gi|233 14867 15024
1183 gi|233 15363 15542
1184 gi|233 18278 18378
1185 gi|233 22203 22381
1186 gi|233 22564 22626
1187 gi|233 25731 25823
1188 gi|233 32784 33147
1189 gi|233 34341 34487
1190 gi|234 5274 5538
1191 gi|234 11207 11321
1192 gi|234 15954 16049
1193 gi|234 20567 20720
1194 gi|234 21899 22072
1195 gi|234 25279 25387
1196 gi|234 26073 26264
1197 gi|234 31251 31367
1198 gi|234 34365 34451
1199 gi|234 36001 36056
1200 gi|234 37157 37218
1201 gi|235 1108 1177
1202 gi|235 4431 4524
1203 gi|235 5085 5336
1204 gi|235 9336 9398
1205 gi|235 14044 14176
1206 gi|235 14963 15268
1207 gi|235 20413 20613
1208 gi|235 30127 30250
1209 gi|235 30920 31046
1210 gi|235 33670 33881
1211 gi|235 34745 34847
1212 gi|235 35723 35932
1213 gi|235 39860 39976
1214 gi|236 576 747
1215 gi|236 944 1603
1216 gi|236 3616 4163
1217 gi|236 4765 5236
1218 gi|236 6016 6181
1219 gi|236 6433 6739
1220 gi|236 11324 11424
1221 gi|236 15334 15408
1222 gi|236 15861 16008
1223 gi|236 20943 21075
1224 gi|236 32780 32920
1225 gi|236 33412 33488
1226 gi|236 35739 35829
1227 gi|237 2057 2155
1228 gi|237 2579 2663
1229 gi|237 4889 4940
1230 gi|237 6178 6307
1231 gi|237 6806 6876
1232 gi|237 10814 10962
1233 gi|237 18453 18648
1234 gi|237 20745 20868
1235 gi|237 24465 24710
1236 gi|237 33980 34489
1237 gi|237 35046 35215
1238 gi|237 36282 36477
1239 gi|237 36847 37027
1240 gi|237 38805 39010
1241 gi|238 1252 1348
1242 gi|238 5794 5897
1243 gi|238 32456 32661
1244 gi|238 33342 33796
1245 gi|238 36851 36986
1246 gi|238 39457 39581
1247 gi|238 39551 39774
1248 gi|239 18606 18743
1249 gi|239 24806 24901
1250 gi|239 24971 25047
1251 gi|239 28195 28266
1252 gi|239 31777 31846
1253 gi|239 38431 38581
1254 gi|24 6737 6885
1255 gi|24 6833 6991
1256 gi|24 16126 16222
1257 gi|24 30362 30507
1258 gi|24 31117 31345
1259 gi|24 35210 35338
1260 gi|24 35438 35585
1261 gi|240 10533 11271
1262 gi|240 12490 12596
1263 gi|240 13479 13608
1264 gi|240 20141 20234
1265 gi|240 21063 21167
1266 gi|240 31161 31357
1267 gi|240 34217 34424
1268 gi|240 38531 38757
1269 gi|240 38728 38894
1270 gi|241 228 610
1271 gi|241 1660 1809
1272 gi|241 3728 3816
1273 gi|241 5644 5789
1274 gi|241 9306 9393
1275 gi|241 22755 22906
1276 gi|241 28996 29149
1277 gi|241 29886 30181
1278 gi|241 36534 36665
1279 gi|241 37402 37697
1280 gi|242 9617 9678
1281 gi|242 15477 15535
1282 gi|242 15521 15951
1283 gi|242 16921 17011
1284 gi|242 17137 17266
1285 gi|242 17798 17902
1286 gi|242 22611 22720
1287 gi|242 23548 23657
1288 gi|242 29427 29494
1289 gi|243 807 887
1290 gi|243 1137 1446
1291 gi|243 17958 18578
1292 gi|243 19585 19939
1293 gi|243 23116 23185
1294 gi|243 27883 28102
1295 gi|243 30495 31045
1296 gi|243 31035 31652
1297 gi|243 32534 32630
1298 gi|244 2188 2363
1299 gi|244 5178 5353
1300 gi|244 8251 8323
1301 gi|244 9958 10234
1302 gi|244 23544 23720
1303 gi|244 25176 25238
1304 gi|244 28592 28856
1305 gi|244 30604 31002
1306 gi|244 37215 37581
1307 gi|244 39190 39328
1308 gi|245 11093 11187
1309 gi|245 21310 21364
1310 gi|245 31716 31835
1311 gi|245 32200 32716
1312 gi|245 35196 35306
1313 gi|246 8449 8521
1314 gi|246 15709 15783
1315 gi|246 18740 18833
1316 gi|246 19163 19349
1317 gi|246 26987 27087
1318 gi|246 30892 30933
1319 gi|246 34318 34390
1320 gi|246 34363 34476
1321 gi|246 36424 36537
1322 gi|247 3407 3492
1323 gi|247 3827 4073
1324 gi|247 5053 5130
1325 gi|247 6417 6526
1326 gi|247 11257 11537
1327 gi|247 15866 15998
1328 gi|247 22548 22787
1329 gi|248 496 950
1330 gi|248 12311 12381
1331 gi|248 17271 17437
1332 gi|248 27434 27605
1333 gi|248 28073 28276
1334 gi|248 36358 36437
1335 gi|248 39865 40005
1336 gi|248 40101 40169
1337 gi|249 3003 3179
1338 gi|249 4037 4173
1339 gi|249 4273 4395
1340 gi|249 12134 13403
1341 gi|249 19691 19943
1342 gi|249 20054 20252
1343 gi|249 27013 28453
1344 gi|249 29627 29825
1345 gi|249 30068 30166
1346 gi|249 30448 30722
1347 gi|249 32284 33020
1348 gi|25 61 180
1349 gi|25 3435 3634
1350 gi|25 9806 9914
1351 gi|25 13073 13187
1352 gi|25 20762 20804
1353 gi|25 20915 21012
1354 gi|250 424 1086
1355 gi|250 5636 5722
1356 gi|250 20107 20361
1357 gi|250 23840 24004
1358 gi|250 32347 32449
1359 gi|251 6356 6440
1360 gi|251 22270 22351
1361 gi|251 23322 23591
1362 gi|251 35671 35830
1363 gi|251 40249 40329
1364 gi|252 15878 15954
1365 gi|252 16920 17372
1366 gi|252 20531 20575
1367 gi|252 29790 29974
1368 gi|252 30334 30636
1369 gi|252 30799 30859
1370 gi|252 32760 32900
1371 gi|253 168 418
1372 gi|253 3020 3099
1373 gi|253 4280 4384
1374 gi|253 11932 12519
1375 gi|253 13849 14104
1376 gi|253 22764 23017
1377 gi|253 24802 29290
1378 gi|253 32156 32327
1379 gi|253 32532 32919
1380 gi|253 36006 36073
1381 gi|253 36550 36612
1382 gi|253 38729 38848
1383 gi|26 1406 1442
1384 gi|26 6828 6944
1385 gi|26 11878 11992
1386 gi|26 12204 12309
1387 gi|26 12859 12920
1388 gi|26 14939 15312
1389 gi|26 23000 23047
1390 gi|26 24181 24310
1391 gi|26 37054 37111
1392 gi|26 38620 38685
1393 gi|27 13110 13477
1394 gi|27 22190 22324
1395 gi|27 37356 37458
1396 gi|28 1920 3319
1397 gi|28 3315 3562
1398 gi|28 11951 12032
1399 gi|28 16664 16739
1400 gi|28 17299 17654
1401 gi|28 23896 24102
1402 gi|28 30069 30167
1403 gi|28 30586 30680
1404 gi|28 33983 34123
1405 gi|28 36640 36767
1406 gi|28 39307 39420
1407 gi|29 1 472
1408 gi|29 5168 5248
1409 gi|29 7876 8791
1410 gi|29 12365 12494
1411 gi|29 12637 12716
1412 gi|29 18657 18706
1413 gi|29 22279 22352
1414 gi|29 29622 29721
1415 gi|3 3851 4080
1416 gi|3 4065 4162
1417 gi|3 4467 4655
1418 gi|3 7792 7902
1419 gi|3 8401 8483
1420 gi|3 16501 16566
1421 gi|3 21132 21349
1422 gi|3 22017 22238
1423 gi|3 23767 23956
1424 gi|3 27663 27775
1425 gi|3 27733 27909
1426 gi|3 33313 33498
1427 gi|3 35386 35468
1428 gi|3 37108 37285
1429 gi|3 37518 37599
1430 gi|30 5976 6093
1431 gi|30 10358 10446
1432 gi|30 17982 18154
1433 gi|30 21473 21553
1434 gi|31 13819 13962
1435 gi|31 15938 16095
1436 gi|31 16325 16430
1437 gi|31 19554 19715
1438 gi|31 26069 26158
1439 gi|31 33596 33655
1440 gi|32 270 491
1441 gi|32 6015 6221
1442 gi|32 7076 7160
1443 gi|32 11487 11602
1444 gi|32 12940 13638
1445 gi|32 15904 16076
1446 gi|32 23582 23659
1447 gi|32 28534 28619
1448 gi|32 29644 30982
1449 gi|33 159 299
1450 gi|33 6380 6464
1451 gi|33 6756 7977
1452 gi|33 8905 9081
1453 gi|33 12641 12723
1454 gi|33 17086 17333
1455 gi|33 20478 20850
1456 gi|33 35944 36020
1457 gi|34 436 564
1458 gi|34 5638 5824
1459 gi|34 6032 6186
1460 gi|34 23492 23561
1461 gi|34 23625 23690
1462 gi|34 24599 24718
1463 gi|34 28079 28197
1464 gi|34 29757 30021
1465 gi|34 29994 30062
1466 gi|34 30473 30734
1467 gi|34 31538 31666
1468 gi|34 32685 32776
1469 gi|34 35463 35537
1470 gi|34 35551 35668
1471 gi|34 36464 36573
1472 gi|35 182 236
1473 gi|35 960 1018
1474 gi|35 6915 7481
1475 gi|35 13574 13694
1476 gi|35 14492 14599
1477 gi|35 23359 23530
1478 gi|35 26550 26623
1479 gi|35 30497 30828
1480 gi|35 35804 35897
1481 gi|35 36998 37435
1482 gi|36 5869 6066
1483 gi|36 9252 9810
1484 gi|36 11172 11362
1485 gi|36 17937 18387
1486 gi|36 19441 19564
1487 gi|36 21006 21142
1488 gi|36 21106 21188
1489 gi|36 21460 21572
1490 gi|36 28821 28900
1491 gi|36 33216 33280
1492 gi|36 33462 33583
1493 gi|36 34176 34310
1494 gi|36 37648 37759
1495 gi|37 3241 4282
1496 gi|37 4586 4765
1497 gi|37 9674 9769
1498 gi|37 10753 10880
1499 gi|37 10930 11111
1500 gi|37 11046 11300
1501 gi|37 11326 11486
1502 gi|37 16944 17024
1503 gi|37 21813 21906
1504 gi|37 22150 22334
1505 gi|37 23511 23777
1506 gi|37 33466 33741
1507 gi|37 34070 34135
1508 gi|38 16953 17198
1509 gi|38 18990 19134
1510 gi|38 29588 29961
1511 gi|38 37236 37610
1512 gi|39 4508 4687
1513 gi|39 5432 5760
1514 gi|39 16699 17076
1515 gi|39 19428 19592
1516 gi|39 21627 23040
1517 gi|4 2723 2782
1518 gi|4 9065 9722
1519 gi|4 10801 10930
1520 gi|4 15346 15646
1521 gi|4 19639 19740
1522 gi|4 29893 30024
1523 gi|4 30105 30494
1524 gi|4 32858 32910
1525 gi|40 2392 2492
1526 gi|40 2816 3030
1527 gi|40 6791 6847
1528 gi|40 9526 9644
1529 gi|40 12488 12585
1530 gi|40 13772 13894
1531 gi|40 13863 13949
1532 gi|40 14985 15175
1533 gi|40 15424 15559
1534 gi|40 15585 15679
1535 gi|40 18281 18440
1536 gi|40 20141 20260
1537 gi|40 24465 24706
1538 gi|40 25060 25157
1539 gi|40 26321 26453
1540 gi|40 27454 27554
1541 gi|40 28952 29017
1542 gi|40 36873 36995
1543 gi|41 5 1478
1544 gi|41 3514 5060
1545 gi|41 7098 8644
1546 gi|41 13261 13372
1547 gi|41 13788 13992
1548 gi|41 14239 14320
1549 gi|41 14438 14574
1550 gi|41 28498 28579
1551 gi|41 37135 37225
1552 gi|41 38932 40000
1553 gi|42 4646 5020
1554 gi|42 15040 15411
1555 gi|42 18614 18859
1556 gi|42 36606 36663
1557 gi|42 36826 36955
1558 gi|42 37044 37139
1559 gi|42 38658 38741
1560 gi|42 39684 39849
1561 gi|43 337 473
1562 gi|43 826 900
1563 gi|43 4214 4311
1564 gi|43 13828 13952
1565 gi|43 17121 17249
1566 gi|43 17861 17953
1567 gi|43 18685 19475
1568 gi|43 19878 20393
1569 gi|43 20734 20802
1570 gi|43 27340 27420
1571 gi|43 35987 36037
1572 gi|44 3797 3889
1573 gi|44 4393 4592
1574 gi|44 5720 6259
1575 gi|44 24225 24411
1576 gi|44 24621 24735
1577 gi|44 24938 25060
1578 gi|44 26495 26814
1579 gi|44 32239 32315
1580 gi|44 32345 32562
1581 gi|44 33009 33175
1582 gi|44 33794 34432
1583 gi|44 36881 37018
1584 gi|44 37718 37897
1585 gi|45 1183 1382
1586 gi|45 3161 3278
1587 gi|45 11290 11361
1588 gi|45 13502 14830
1589 gi|45 15629 16967
1590 gi|45 18432 18548
1591 gi|45 29187 30093
1592 gi|45 33198 33276
1593 gi|46 5529 5707
1594 gi|46 16281 16390
1595 gi|46 20135 20293
1596 gi|46 20242 20402
1597 gi|46 23422 23559
1598 gi|46 30494 31450
1599 gi|46 31716 31913
1600 gi|46 33968 34123
1601 gi|46 38683 38720
1602 gi|46 39475 39546
1603 gi|46 39614 39680
1604 gi|47 8 147
1605 gi|47 11304 11450
1606 gi|47 15349 15555
1607 gi|47 25600 25713
1608 gi|47 25849 25928
1609 gi|47 35572 35648
1610 gi|48 2413 2506
1611 gi|48 2483 2822
1612 gi|48 2877 3428
1613 gi|48 3797 4393
1614 gi|48 6332 6411
1615 gi|48 11452 11505
1616 gi|48 14276 14378
1617 gi|48 14564 14671
1618 gi|48 18333 18426
1619 gi|48 19250 19341
1620 gi|48 19480 19675
1621 gi|48 20294 20582
1622 gi|48 24224 24382
1623 gi|48 24851 25947
1624 gi|48 33399 33499
1625 gi|48 33925 34105
1626 gi|48 38830 38873
1627 gi|49 8946 8991
1628 gi|49 9006 9059
1629 gi|49 26755 26966
1630 gi|49 33891 33996
1631 gi|49 35003 35167
1632 gi|49 36524 37650
1633 gi|49 37717 38149
1634 gi|49 38622 39346
1635 gi|49 39818 39941
1636 gi|5 286 460
1637 gi|5 414 519
1638 gi|5 16272 16343
1639 gi|5 17740 17880
1640 gi|5 18435 18642
1641 gi|5 20797 20897
1642 gi|5 22961 23324
1643 gi|5 24007 25381
1644 gi|5 27165 27268
1645 gi|5 30466 30654
1646 gi|5 37024 37167
1647 gi|5 39091 39217
1648 gi|50 2230 2353
1649 gi|50 7386 7572
1650 gi|50 9668 9747
1651 gi|50 11308 11433
1652 gi|50 15342 15536
1653 gi|50 21194 21378
1654 gi|50 22943 23115
1655 gi|50 39677 40314
1656 gi|51 398 459
1657 gi|51 823 938
1658 gi|51 3037 3192
1659 gi|51 12307 12478
1660 gi|51 18951 19092
1661 gi|51 19549 19644
1662 gi|51 19704 19754
1663 gi|51 21832 21947
1664 gi|51 25114 25238
1665 gi|52 5022 5093
1666 gi|52 15844 15996
1667 gi|52 17350 17484
1668 gi|52 21575 21718
1669 gi|52 22718 22857
1670 gi|52 24492 24597
1671 gi|52 27792 28516
1672 gi|52 29821 29924
1673 gi|52 33589 33790
1674 gi|52 37100 37202
1675 gi|53 3276 3329
1676 gi|53 3647 3771
1677 gi|53 8397 8563
1678 gi|53 8546 8629
1679 gi|53 20084 20735
1680 gi|53 24993 25102
1681 gi|53 39709 39985
1682 gi|54 3969 4062
1683 gi|54 4852 4980
1684 gi|54 13689 13796
1685 gi|54 14414 14494
1686 gi|54 17664 17741
1687 gi|54 20304 20466
1688 gi|54 24623 24687
1689 gi|54 28869 29210
1690 gi|54 35922 36081
1691 gi|55 3146 3350
1692 gi|55 21341 21875
1693 gi|55 23386 24025
1694 gi|55 26107 26399
1695 gi|55 34129 34429
1696 gi|55 37450 37669
1697 gi|55 40138 40214
1698 gi|55 40408 40565
1699 gi|56 25108 25179
1700 gi|56 39043 39279
1701 gi|56 40147 40191
1702 gi|57 10738 11274
1703 gi|57 12498 12622
1704 gi|57 16053 16533
1705 gi|57 18259 18360
1706 gi|57 18319 18498
1707 gi|57 25453 25498
1708 gi|57 27288 27477
1709 gi|57 33004 33160
1710 gi|57 34465 34620
1711 gi|57 35768 35899
1712 gi|57 39266 39370
1713 gi|58 7360 7472
1714 gi|58 9822 9949
1715 gi|58 21462 21549
1716 gi|58 21893 22077
1717 gi|58 22377 22573
1718 gi|58 24428 24745
1719 gi|58 32310 32442
1720 gi|58 38327 38981
1721 gi|59 61 114
1722 gi|59 287 385
1723 gi|59 6245 6398
1724 gi|59 6779 6894
1725 gi|59 6977 7241
1726 gi|59 14475 14635
1727 gi|59 18743 18804
1728 gi|59 22773 22904
1729 gi|59 23091 23551
1730 gi|59 23545 23870
1731 gi|59 26049 26126
1732 gi|59 38026 38352
1733 gi|6 4152 4238
1734 gi|6 4857 4955
1735 gi|6 20616 20712
1736 gi|6 25864 26363
1737 gi|6 31753 31839
1738 gi|6 32458 32556
1739 gi|60 4996 5169
1740 gi|60 5874 6024
1741 gi|60 8604 9866
1742 gi|60 12848 14964
1743 gi|60 15126 15341
1744 gi|60 17648 20261
1745 gi|60 20396 22757
1746 gi|60 25738 27854
1747 gi|60 28016 28322
1748 gi|60 30535 33149
1749 gi|60 33286 36507
1750 gi|60 36644 39864
1751 gi|61 12455 12561
1752 gi|61 14770 14826
1753 gi|61 22266 22416
1754 gi|61 34782 34945
1755 gi|62 1335 1428
1756 gi|62 5248 5329
1757 gi|62 10624 10691
1758 gi|62 21611 21734
1759 gi|62 23517 23700
1760 gi|62 24744 24900
1761 gi|62 28682 28795
1762 gi|63 2505 2672
1763 gi|63 8898 9008
1764 gi|63 14495 14604
1765 gi|63 18119 18671
1766 gi|63 30552 30614
1767 gi|63 31992 32150
1768 gi|63 36156 36322
1769 gi|63 39637 39860
1770 gi|64 505 589
1771 gi|64 1410 1627
1772 gi|64 23839 24088
1773 gi|64 25654 25747
1774 gi|65 854 922
1775 gi|65 2619 2766
1776 gi|65 3215 3505
1777 gi|65 5604 5742
1778 gi|65 11426 11627
1779 gi|65 13843 13989
1780 gi|65 21139 21267
1781 gi|65 21334 21419
1782 gi|65 22126 22286
1783 gi|65 23752 23808
1784 gi|66 539 619
1785 gi|66 3180 3531
1786 gi|66 22123 23494
1787 gi|66 24208 24573
1788 gi|66 26356 26444
1789 gi|66 36835 36957
1790 gi|67 1 79
1791 gi|67 11266 11704
1792 gi|67 12640 13156
1793 gi|67 34962 35874
1794 gi|67 37262 37352
1795 gi|67 38016 38104
1796 gi|67 38737 38825
1797 gi|68 2436 4059
1798 gi|68 9717 9881
1799 gi|68 21315 21491
1800 gi|68 24181 24295
1801 gi|68 25000 25060
1802 gi|68 25643 25827
1803 gi|68 30340 30435
1804 gi|69 4216 4312
1805 gi|69 9935 10069
1806 gi|69 11006 11173
1807 gi|69 15041 15223
1808 gi|69 17704 17801
1809 gi|69 18204 18318
1810 gi|69 33177 33228
1811 gi|69 35606 35690
1812 gi|7 7236 7361
1813 gi|7 8688 8813
1814 gi|7 13900 14583
1815 gi|7 14628 16364
1816 gi|7 16871 17692
1817 gi|7 17868 22007
1818 gi|7 21269 22929
1819 gi|7 32423 32501
1820 gi|7 32593 32763
1821 gi|70 1975 2093
1822 gi|70 5899 6110
1823 gi|70 14167 14279
1824 gi|70 25598 25673
1825 gi|70 31571 31681
1826 gi|70 36844 36946
1827 gi|70 36902 37009
1828 gi|70 39285 39362
1829 gi|71 10298 10905
1830 gi|71 14828 14875
1831 gi|71 19480 19536
1832 gi|71 26605 26693
1833 gi|71 29293 29501
1834 gi|71 30052 30143
1835 gi|71 34220 34352
1836 gi|71 34856 35048
1837 gi|71 38169 38263
1838 gi|72 5091 5179
1839 gi|72 7609 7845
1840 gi|72 9393 9504
1841 gi|72 20301 20440
1842 gi|72 20806 20858
1843 gi|72 24784 25013
1844 gi|72 30241 30390
1845 gi|72 36210 37114
1846 gi|73 7977 8148
1847 gi|73 14313 14384
1848 gi|73 15453 15561
1849 gi|73 16184 16413
1850 gi|73 19180 19322
1851 gi|73 22250 22314
1852 gi|73 24977 25077
1853 gi|73 30621 30929
1854 gi|73 38709 38840
1855 gi|74 32 2394
1856 gi|74 3115 7631
1857 gi|74 9396 12991
1858 gi|74 13842 15078
1859 gi|74 18387 18476
1860 gi|75 10644 10791
1861 gi|75 14140 14275
1862 gi|75 16439 16626
1863 gi|75 18804 19042
1864 gi|75 27206 27389
1865 gi|76 5470 5770
1866 gi|76 8060 9494
1867 gi|76 26584 26701
1868 gi|76 26813 26861
1869 gi|76 35257 35372
1870 gi|76 39506 39615
1871 gi|77 8622 8693
1872 gi|77 17001 17064
1873 gi|77 33107 33198
1874 gi|78 3729 3831
1875 gi|78 5381 5512
1876 gi|78 9200 9292
1877 gi|78 13922 13998
1878 gi|78 23766 23925
1879 gi|78 26955 27141
1880 gi|78 37345 37393
1881 gi|79 461 550
1882 gi|79 5789 5865
1883 gi|79 9334 9436
1884 gi|79 14301 14451
1885 gi|79 20706 21205
1886 gi|79 22415 22496
1887 gi|79 22717 22965
1888 gi|79 22943 23035
1889 gi|79 27359 27511
1890 gi|79 28708 29325
1891 gi|79 34787 35107
1892 gi|79 35965 36050
1893 gi|8 725 815
1894 gi|8 2740 3398
1895 gi|8 3906 4165
1896 gi|8 16556 16753
1897 gi|8 22695 23311
1898 gi|8 25207 28458
1899 gi|8 29327 29397
1900 gi|8 31106 31179
1901 gi|8 35766 36795
1902 gi|80 1743 1870
1903 gi|80 9580 9679
1904 gi|80 12413 12529
1905 gi|80 22211 22263
1906 gi|80 34776 34899
1907 gi|80 35905 36420
1908 gi|80 37886 38038
1909 gi|80 37987 38201
1910 gi|81 7810 8341
1911 gi|81 12753 13372
1912 gi|81 13540 13767
1913 gi|81 23230 23339
1914 gi|81 23326 23445
1915 gi|81 23558 24005
1916 gi|81 26892 26967
1917 gi|81 29605 29671
1918 gi|81 36132 36227
1919 gi|82 5 175
1920 gi|82 9218 9775
1921 gi|82 12048 12211
1922 gi|82 14555 14675
1923 gi|82 22505 22709
1924 gi|82 24493 24718
1925 gi|82 26023 26225
1926 gi|83 1520 1660
1927 gi|83 1621 1755
1928 gi|83 8381 8486
1929 gi|83 9191 9372
1930 gi|83 10095 10527
1931 gi|83 12825 13032
1932 gi|83 15816 16651
1933 gi|83 21791 22570
1934 gi|83 28066 28135
1935 gi|83 29776 29880
1936 gi|83 30971 31135
1937 gi|83 32627 32800
1938 gi|83 32933 33035
1939 gi|84 10739 11961
1940 gi|84 20775 20897
1941 gi|84 25820 25929
1942 gi|84 31049 31256
1943 gi|84 31350 31473
1944 gi|85 177 292
1945 gi|85 620 675
1946 gi|85 4505 4623
1947 gi|85 6209 6309
1948 gi|85 8251 8362
1949 gi|85 24978 25105
1950 gi|85 25128 25208
1951 gi|85 26279 26444
1952 gi|85 39973 40304
1953 gi|86 681 817
1954 gi|86 5227 5341
1955 gi|86 5476 5581
1956 gi|86 9773 9919
1957 gi|86 10273 10366
1958 gi|86 24594 24726
1959 gi|86 39811 39916
1960 gi|87 1106 1459
1961 gi|87 7549 7612
1962 gi|87 11007 11091
1963 gi|87 11215 11704
1964 gi|87 16986 17093
1965 gi|87 36770 37363
1966 gi|87 37607 39234
1967 gi|87 39592 40581
1968 gi|88 2120 2293
1969 gi|88 10239 10320
1970 gi|88 22202 22349
1971 gi|88 26038 26152
1972 gi|88 33077 33234
1973 gi|88 39820 40385
1974 gi|89 1843 1968
1975 gi|89 6422 6494
1976 gi|89 9715 10719
1977 gi|89 11325 11433
1978 gi|89 11835 11897
1979 gi|89 12161 12324
1980 gi|89 13293 13432
1981 gi|89 13997 14173
1982 gi|89 22492 22712
1983 gi|89 27337 27505
1984 gi|89 32266 32383
1985 gi|89 36697 36776
1986 gi|89 39624 39690
1987 gi|89 40020 40582
1988 gi|9 421 568
1989 gi|9 795 895
1990 gi|9 1013 1094
1991 gi|9 22806 22865
1992 gi|9 24316 24624
1993 gi|9 24491 24761
1994 gi|9 28729 28827
1995 gi|9 36145 36197
1996 gi|9 36293 36357
1997 gi|9 37125 37237
1998 gi|9 37571 37671
1999 gi|9 37697 37843
2000 gi|9 38028 38271
2001 gi|90 342 459
2002 gi|90 897 1014
2003 gi|90 1924 2041
2004 gi|90 2479 2596
2005 gi|90 3507 3624
2006 gi|90 4062 4179
2007 gi|90 5090 5207
2008 gi|90 5645 5762
2009 gi|90 6673 6790
2010 gi|90 7228 7345
2011 gi|90 8256 8373
2012 gi|90 9284 9401
2013 gi|90 9839 9956
2014 gi|90 10867 10984
2015 gi|90 11422 11539
2016 gi|90 12450 12567
2017 gi|90 13005 13122
2018 gi|90 13560 13677
2019 gi|90 14588 14705
2020 gi|90 15692 15809
2021 gi|90 16247 16364
2022 gi|90 17275 17392
2023 gi|90 17830 17947
2024 gi|90 18858 18975
2025 gi|90 20437 20554
2026 gi|90 20992 21109
2027 gi|90 22020 22137
2028 gi|90 22575 22692
2029 gi|90 23603 23720
2030 gi|90 24158 24275
2031 gi|90 25186 25303
2032 gi|90 25741 25858
2033 gi|90 26769 26886
2034 gi|90 27323 27440
2035 gi|90 28351 28468
2036 gi|90 28906 29023
2037 gi|90 29934 30051
2038 gi|90 30489 30606
2039 gi|90 31517 31634
2040 gi|90 32072 32189
2041 gi|90 33100 33217
2042 gi|90 33655 33772
2043 gi|90 38327 38435
2044 gi|91 1555 1647
2045 gi|91 7899 8129
2046 gi|92 4118 4224
2047 gi|92 20136 20254
2048 gi|92 20720 20858
2049 gi|92 21643 21750
2050 gi|92 21715 21868
2051 gi|92 24533 24648
2052 gi|92 29002 29149
2053 gi|92 29616 29847
2054 gi|92 32469 32593
2055 gi|92 33255 33344
2056 gi|93 9007 9153
2057 gi|93 23516 23714
2058 gi|93 25208 25917
2059 gi|93 26901 27080
2060 gi|93 27148 28027
2061 gi|93 30533 30753
2062 gi|93 33620 33749
2063 gi|93 34985 35288
2064 gi|94 1003 1169
2065 gi|94 4468 4553
2066 gi|94 15485 15867
2067 gi|94 22059 22183
2068 gi|94 32721 32819
2069 gi|94 35235 35369
2070 gi|96 15856 15972
2071 gi|96 22721 22845
2072 gi|96 28155 28251
2073 gi|96 28208 28307
2074 gi|96 36565 36689
2075 gi|97 5864 6331
2076 gi|97 7130 7311
2077 gi|97 7725 7862
2078 gi|97 8793 8974
2079 gi|97 18335 18552
2080 gi|97 19289 19479
2081 gi|97 21223 21452
2082 gi|97 35394 35598
2083 gi|97 36196 36331
2084 gi|97 36545 36691
2085 gi|97 38766 38929
2086 gi|98 1560 1747
2087 gi|98 4315 4402
2088 gi|98 5030 5382
2089 gi|98 7500 7578
2090 gi|98 8591 8674
2091 gi|98 16027 16192
2092 gi|98 24481 24621
2093 gi|98 28021 28139
2094 gi|98 34407 34470
2095 gi|98 34454 34557
2096 gi|98 37604 37703
2097 gi|99 89 660
2098 gi|99 1308 1377
2099 gi|99 4095 4199
2100 gi|99 6934 7019
2101 gi|99 34413 35017
2102 gi|99 35115 35204
