LinJ.01	1-24471d	100.000	660	0	0	1	660	1	660	0.0	1219
LinJ.03	3-172850d	100.000	411	0	0	71	481	1	411	0.0	760
LinJ.05	5-22311d	100.000	483	0	0	1	483	1	483	0.0	893
LinJ.05	5-31472d	100.000	482	0	0	1	482	8	489	0.0	891
LinJ.05	5-221196d	100.000	498	0	0	5	502	1	498	0.0	920
LinJ.06	6A-8987d	100.000	460	0	0	1	460	50	509	0.0	850
LinJ.06	6A-22189r	100.000	460	0	0	1	460	50	509	0.0	850
LinJ.06	6B-137877d	100.000	499	0	0	9	507	1	499	0.0	922
LinJ.06	6B-180315d	100.000	532	0	0	1	532	10	541	0.0	983
LinJ.06	6B-189883d	100.000	532	0	0	1	532	34	565	0.0	983
LinJ.06	6B-218084d	100.000	453	0	0	1	453	70	522	0.0	837
LinJ.06	6B-246729d	100.000	598	0	0	1	598	34	631	0.0	1105
LinJ.07	7-306355d	100.000	428	0	0	35	462	1	428	0.0	791
LinJ.07	7B-507305d	100.000	583	0	0	8	590	1	583	0.0	1077
LinJ.07	7B-507305d	100.000	512	0	0	8	519	1	512	0.0	946
LinJ.07	7B-532576d	100.000	512	0	0	13	524	1	512	0.0	946
LinJ.07	7B-563849d	100.000	514	0	0	1	514	17	530	0.0	950
LinJ.07	7B-572024d	100.000	514	0	0	1	514	17	530	0.0	950
LinJ.07	7B-554682d	100.000	354	0	0	161	514	66	419	0.0	654
LinJ.08	8A-104823d	100.000	442	0	0	18	459	1	442	0.0	817
LinJ.08	8A-35047d	100.000	442	0	0	18	459	1	442	0.0	817
LinJ.09	9-27504d	100.000	454	0	0	1	454	40	493	0.0	839
LinJ.09	31I1_972687r	100.000	30	0	0	38	67	46	75	2.26e-09	56.5
LinJ.09	31I1_916463r	100.000	30	0	0	38	67	46	75	2.26e-09	56.5
LinJ.10	10A-60739d	100.000	477	0	0	1	477	197	673	0.0	881
LinJ.10	23-768910d	100.000	28	0	0	55	82	85	112	3.08e-08	52.8
LinJ.10	10A-79639d	100.000	475	0	0	1	475	197	671	0.0	878
LinJ.10	23-768910d	100.000	28	0	0	55	82	85	112	3.07e-08	52.8
LinJ.10	10C-330060r	100.000	509	0	0	1	509	28	536	0.0	941
LinJ.10	10D-518827d	100.000	489	0	0	1	489	11	499	0.0	904
LinJ.10	10D-521042d	100.000	489	0	0	1	489	11	499	0.0	904
LinJ.11	11B-163696r	100.000	476	0	0	1	476	1	476	0.0	880
LinJ.11	11B-211365r	100.000	486	0	0	1	486	6	491	0.0	898
LinJ.11	11B-198030r	100.000	553	0	0	5	557	1	553	0.0	1022
LinJ.11	11B-186861r	100.000	547	0	0	1	547	6	552	0.0	1011
LinJ.11	11C-261354d	100.000	583	0	0	1	583	20	602	0.0	1077
LinJ.11	11C-261354d	100.000	501	0	0	1	501	20	520	0.0	926
LinJ.11	11C-274355d	100.000	501	0	0	1	501	20	520	0.0	926
LinJ.11	11C-285485d	100.000	586	0	0	1	586	15	600	0.0	1083
LinJ.11	11E-531933d	100.000	563	0	0	1	563	75	637	0.0	1040
LinJ.11	11E-560616r	100.000	469	0	0	1	469	75	543	0.0	867
LinJ.11	11E-531933d	100.000	469	0	0	1	469	75	543	0.0	867
LinJ.13	13B-210667r	100.000	538	0	0	1	538	21	558	0.0	994
LinJ.13	13D-390137r	100.000	447	0	0	39	485	1	447	0.0	826
LinJ.14	14B-107865d	100.000	492	0	0	1	492	10	501	0.0	909
LinJ.14	14B-133723d	100.000	473	0	0	20	492	35	507	0.0	874
LinJ.14	14B-140484d	100.000	329	0	0	1	329	133	461	1.51e-175	608
LinJ.14	14B-137193d	100.000	329	0	0	1	329	341	669	1.51e-175	608
LinJ.14	14B-162411r	100.000	310	0	0	20	329	36	345	5.50e-165	573
LinJ.14	14B-133723d	100.000	470	0	0	1	470	38	507	0.0	869
LinJ.14	14B-112408d	100.000	470	0	0	1	470	39	508	0.0	869
LinJ.14	14B-107865d	100.000	470	0	0	1	470	32	501	0.0	869
LinJ.14	14B-101412r	100.000	398	0	0	1	398	39	436	0.0	736
LinJ.14	14B-162411r	100.000	307	0	0	1	307	39	345	2.44e-163	568
LinJ.14	14B-140484d	100.000	307	0	0	1	307	155	461	2.44e-163	568
LinJ.14	14B-137193d	100.000	307	0	0	1	307	363	669	2.44e-163	568
LinJ.14	14B-133723d	100.000	470	0	0	1	470	38	507	0.0	869
LinJ.14	14B-112408d	100.000	470	0	0	1	470	39	508	0.0	869
LinJ.14	14B-107865d	100.000	470	0	0	1	470	32	501	0.0	869
LinJ.14	14B-101412r	100.000	398	0	0	1	398	39	436	0.0	736
LinJ.14	14B-162411r	100.000	307	0	0	1	307	39	345	2.44e-163	568
LinJ.14	14B-140484d	100.000	307	0	0	1	307	155	461	2.44e-163	568
LinJ.14	14B-137193d	100.000	307	0	0	1	307	363	669	2.44e-163	568
LinJ.14	14C-638526r	100.000	575	0	0	1	575	30	604	0.0	1062
LinJ.14	14C-253837r	100.000	575	0	0	1	575	30	604	0.0	1062
LinJ.14	14C-266718r	100.000	510	0	0	66	575	1	510	0.0	942
LinJ.14	14C-638526r	100.000	575	0	0	1	575	30	604	0.0	1062
LinJ.14	14C-253837r	100.000	575	0	0	1	575	30	604	0.0	1062
LinJ.14	14C-266718r	100.000	510	0	0	66	575	1	510	0.0	942
LinJ.14	14C-638526r	100.000	575	0	0	1	575	30	604	0.0	1062
LinJ.14	14C-253837r	100.000	575	0	0	1	575	30	604	0.0	1062
LinJ.14	14C-266718r	100.000	510	0	0	66	575	1	510	0.0	942
LinJ.14	14C-266718r	100.000	510	0	0	64	573	1	510	0.0	942
LinJ.14	14C-265643r	100.000	571	0	0	1	571	30	600	0.0	1055
LinJ.14	14C-260282r	100.000	571	0	0	1	571	30	600	0.0	1055
LinJ.14	14C-266718r	100.000	510	0	0	62	571	1	510	0.0	942
LinJ.14	14C-257167r	100.000	268	0	0	1	268	30	297	1.43e-141	496
LinJ.14	14C-638526r	100.000	510	0	0	1	510	95	604	0.0	942
LinJ.14	14C-274893d	100.000	510	0	0	1	510	89	598	0.0	942
LinJ.14	14C-266718r	100.000	510	0	0	1	510	1	510	0.0	942
LinJ.14	14C-265643r	100.000	510	0	0	1	510	91	600	0.0	942
LinJ.14	14C-260282r	100.000	510	0	0	1	510	91	600	0.0	942
LinJ.14	14C-255845r	100.000	510	0	0	1	510	98	607	0.0	942
LinJ.14	14C-253837r	100.000	510	0	0	1	510	95	604	0.0	942
LinJ.14	14C-257167r	100.000	207	0	0	1	207	91	297	1.03e-107	383
LinJ.14	14C-266718r	100.000	510	0	0	64	573	1	510	0.0	942
LinJ.14	14D-557965d	100.000	520	0	0	1	520	24	543	0.0	961
LinJ.14	14D-561137d	100.000	519	0	0	1	519	24	542	0.0	959
LinJ.14	14D-565962r	100.000	525	0	0	1	525	19	543	0.0	970
LinJ.14	14D-589618d	100.000	526	0	0	1	526	19	544	0.0	972
LinJ.15	15A-15553r	100.000	453	0	0	32	484	1	453	0.0	837
LinJ.15	15A-24033d	100.000	453	0	0	1	453	10	462	0.0	837
LinJ.15	15A-48754d	100.000	451	0	0	1	451	10	460	0.0	833
LinJ.15	15A-85295r	100.000	451	0	0	1	451	8	458	0.0	833
LinJ.15	15A-110363d	100.000	451	0	0	1	451	10	460	0.0	833
LinJ.15	15C-385262r	100.000	452	0	0	1	452	19	470	0.0	835
LinJ.15	15C-372134r	100.000	452	0	0	1	452	19	470	0.0	835
LinJ.15	15C-385262r	100.000	510	0	0	1	510	19	528	0.0	942
LinJ.15	15D-527907r	100.000	475	0	0	1	475	121	595	0.0	878
LinJ.15	15D-552122d	100.000	475	0	0	1	475	69	543	0.0	878
LinJ.15	15D-587597r	100.000	475	0	0	1	475	118	592	0.0	878
LinJ.16	16D-684097r	100.000	510	0	0	1	510	31	540	0.0	942
LinJ.17	17A-77462r	100.000	595	0	0	1	595	66	660	0.0	1099
LinJ.17	17A-77462r	100.000	526	0	0	1	526	66	591	0.0	972
LinJ.17	17A-101928r	100.000	592	0	0	1	592	56	647	0.0	1094
LinJ.17	17A-132636r	100.000	472	0	0	15	486	1	472	0.0	872
LinJ.17	17A-161032r	100.000	527	0	0	1	527	66	592	0.0	974
LinJ.17	17A-167879r	100.000	507	0	0	1	507	23	529	0.0	937
LinJ.17	17A-220072r	100.000	508	0	0	1	508	32	539	0.0	939
LinJ.17	17B-293198d	100.000	547	0	0	1	547	8	554	0.0	1011
LinJ.17	17B-320105d	100.000	515	0	0	13	527	1	515	0.0	952
LinJ.17	17B-295974d	100.000	474	0	0	1	474	22	495	0.0	876
LinJ.17	17B-301421r	100.000	477	0	0	1	477	8	484	0.0	881
LinJ.17	17B-306974r	100.000	474	0	0	1	474	22	495	0.0	876
LinJ.17	17B-318138r	100.000	471	0	0	13	483	1	471	0.0	870
LinJ.17	17B-326405r	100.000	465	0	0	5	469	19	483	0.0	859
LinJ.17	17B-320105d	100.000	465	0	0	5	469	1	465	0.0	859
LinJ.17	17B-293198d	100.000	465	0	0	5	469	20	484	0.0	859
LinJ.17	17B-326405r	100.000	477	0	0	1	477	7	483	0.0	881
LinJ.17	17B-320105d	100.000	465	0	0	13	477	1	465	0.0	859
LinJ.17	17B-364810d	100.000	549	0	0	19	567	1	549	0.0	1014
LinJ.17	17B-364810d	100.000	472	0	0	19	490	1	472	0.0	872
LinJ.17	17A-403893d	100.000	445	0	0	39	483	1	445	0.0	822
LinJ.17	17B-492816d	100.000	450	0	0	71	520	1	450	0.0	832
LinJ.18	18A-270029d	100.000	309	0	0	1	309	14	322	2.06e-164	571
LinJ.18	18C-468824d	100.000	334	0	0	16	349	1	334	2.50e-178	617
LinJ.18	18E-667386d	100.000	505	0	0	1	505	35	539	0.0	933
LinJ.18	18E-679231d	100.000	507	0	0	1	507	35	541	0.0	937
LinJ.18	18E-681839d	100.000	505	0	0	1	505	1	505	0.0	933
LinJ.19	19A-55392r	100.000	508	0	0	1	508	23	530	0.0	939
LinJ.19	19A-60443r	100.000	576	0	0	1	576	10	585	0.0	1064
LinJ.19	19A-81125d	100.000	557	0	0	1	557	17	573	0.0	1029
LinJ.19	19A-81125d	100.000	481	0	0	1	481	17	497	0.0	889
LinJ.19	19A-119960d	100.000	519	0	0	7	525	1	519	0.0	959
LinJ.19	19A-142291d	100.000	519	0	0	2	520	1	519	0.0	959
LinJ.19	19F-602379d	100.000	515	0	0	1	515	67	581	0.0	952
LinJ.19	19F-610316r	100.000	585	0	0	14	598	1	585	0.0	1081
LinJ.19	19F-623649d	100.000	501	0	0	1	501	8	508	0.0	926
LinJ.19	19F-634039d	100.000	499	0	0	1	499	13	511	0.0	922
LinJ.20	LiSIDER2-20-716639r	100.000	479	0	0	1	479	24	502	0.0	885
LinJ.21	21A-195942r	100.000	537	0	0	1	537	15	551	0.0	992
LinJ.21	21A-201975r	100.000	578	0	0	1	578	15	592	0.0	1068
LinJ.21	21A-223734r	100.000	521	0	0	1	521	38	558	0.0	963
LinJ.21	21A-226888d	100.000	512	0	0	1	512	1	512	0.0	946
LinJ.21	21A-242592d	100.000	508	0	0	1	508	2	509	0.0	939
LinJ.21	21A-249545r	100.000	578	0	0	10	587	1	578	0.0	1068
LinJ.21	21A-266095d	100.000	514	0	0	1	514	21	534	0.0	950
LinJ.21	21A-276680d	100.000	530	0	0	1	530	21	550	0.0	979
LinJ.21	21A-294619d	100.000	508	0	0	1	508	21	528	0.0	939
LinJ.21	21A-306832d	100.000	508	0	0	1	508	2	509	0.0	939
LinJ.21	21A-372468d	100.000	500	0	0	9	508	1	500	0.0	924
LinJ.21	21D-652705d	100.000	475	0	0	1	475	28	502	0.0	878
LinJ.21	21D-656836d	100.000	502	0	0	1	502	1	502	0.0	928
LinJ.21	21D-693075r	100.000	396	0	0	1	396	28	423	0.0	732
LinJ.21	21E-717300r	100.000	478	0	0	1	478	16	493	0.0	883
LinJ.21	21E-729870d	100.000	469	0	0	1	469	16	484	0.0	867
LinJ.22	22-15161r	100.000	452	0	0	12	463	1	452	0.0	835
LinJ.22	22-81770r	100.000	492	0	0	1	492	2	493	0.0	909
LinJ.22	22A-148235r	100.000	488	0	0	1	488	57	544	0.0	902
LinJ.22	22A-177290r	100.000	488	0	0	1	488	61	548	0.0	902
LinJ.22	22D-494166r	100.000	501	0	0	1	501	141	641	0.0	926
LinJ.22	22D-485832r	100.000	501	0	0	1	501	61	561	0.0	926
LinJ.22	22D-494166r	100.000	501	0	0	1	501	141	641	0.0	926
LinJ.22	22D-485832r	100.000	501	0	0	1	501	61	561	0.0	926
LinJ.23	23D-258035r	100.000	440	0	0	15	454	1	440	0.0	813
LinJ.23	23E-346387r	100.000	540	0	0	10	549	1	540	0.0	998
LinJ.23	23E-3400987	100.000	540	0	0	10	549	1	540	0.0	998
LinJ.23	23G-488775r	100.000	511	0	0	2	512	1	511	0.0	944
LinJ.23	23G-534709r	100.000	500	0	0	1	500	13	512	0.0	924
LinJ.23	23G-531193r	100.000	500	0	0	1	500	13	512	0.0	924
LinJ.23	23G-534709r	100.000	505	0	0	1	505	13	517	0.0	933
LinJ.23	23G-531193r	100.000	500	0	0	1	500	13	512	0.0	924
LinJ.23	23G-546582r	100.000	475	0	0	9	483	1	475	0.0	878
LinJ.23	23G-559586d	100.000	471	0	0	13	483	1	471	0.0	870
LinJ.23	23G-555890d	100.000	447	0	0	35	481	1	447	0.0	826
LinJ.23	23G-559586d	100.000	471	0	0	6	476	1	471	0.0	870
LinJ.23	23G-546582r	100.000	471	0	0	6	476	5	475	0.0	870
LinJ.23	23H-604315d	100.000	217	0	0	2	218	1	217	3.28e-113	401
LinJ.23	23H-657417d	100.000	597	0	0	1	597	23	619	0.0	1103
LinJ.23	23H-657417d	100.000	515	0	0	1	515	23	537	0.0	952
LinJ.23	23H-661539d	100.000	603	0	0	1	603	23	625	0.0	1114
LinJ.23	23H-678331d	100.000	509	0	0	1	509	10	518	0.0	941
LinJ.23	23I-736538r	100.000	452	0	0	1	452	357	808	0.0	835
LinJ.23	23I-721452r	100.000	452	0	0	1	452	357	808	0.0	835
LinJ.23	23I-736538r	100.000	452	0	0	1	452	357	808	0.0	835
LinJ.23	23I-721452r	100.000	452	0	0	1	452	357	808	0.0	835
LinJ.24	24D-284284d	100.000	490	0	0	1	490	14	503	0.0	905
LinJ.24	24D-303639d	100.000	488	0	0	1	488	14	501	0.0	902
LinJ.24	24E-386745d	100.000	315	0	0	1	315	11	325	8.96e-168	582
LinJ.24	24F-460083d	100.000	449	0	0	9	457	1	449	0.0	830
LinJ.24	31M-1122889r	100.000	29	0	0	31	59	18	46	9.30e-09	54.7
LinJ.24	24G-644662r	100.000	396	0	0	76	471	1	396	0.0	732
LinJ.24	24I-776480d	100.000	564	0	0	1	564	32	595	0.0	1042
LinJ.25	25C-506121r	100.000	496	0	0	1	496	9	504	0.0	917
LinJ.25	25C-539323r	100.000	558	0	0	1	558	5	562	0.0	1031
LinJ.25	25C-568988r	100.000	554	0	0	3	556	1	554	0.0	1024
LinJ.25	25C-600433r	100.000	492	0	0	1	492	16	507	0.0	909
LinJ.25	25E-752747d	100.000	530	0	0	19	548	1	530	0.0	979
LinJ.25	25E-798608r	100.000	521	0	0	1	521	16	536	0.0	963
LinJ.25	25E-824097r	100.000	594	0	0	1	594	16	609	0.0	1098
LinJ.25	25E-830236d	100.000	594	0	0	1	594	3	596	0.0	1098
LinJ.25	25E-863080d	100.000	596	0	0	1	596	29	624	0.0	1101
LinJ.25	25E-850941d	100.000	596	0	0	1	596	28	623	0.0	1101
LinJ.25	25E-863995d	100.000	452	0	0	145	596	1	452	0.0	835
LinJ.25	25E-863080d	100.000	596	0	0	1	596	29	624	0.0	1101
LinJ.25	25E-850941d	100.000	596	0	0	1	596	28	623	0.0	1101
LinJ.25	25E-863995d	100.000	452	0	0	145	596	1	452	0.0	835
LinJ.26	26A-45921r	100.000	495	0	0	1	495	36	530	0.0	915
LinJ.26	26A-49977r	100.000	476	0	0	1	476	53	528	0.0	880
LinJ.26	26A-101784r	100.000	500	0	0	1	500	53	552	0.0	924
LinJ.26	26A-127317r	100.000	501	0	0	1	501	27	527	0.0	926
LinJ.26	26B-167703r	100.000	491	0	0	17	507	1	491	0.0	907
LinJ.26	26B-233012r	100.000	566	0	0	1	566	103	668	0.0	1046
LinJ.26	26B-269609r	100.000	505	0	0	3	507	1	505	0.0	933
LinJ.26	26-364401d	100.000	496	0	0	1	496	19	514	0.0	917
LinJ.26	26F-772445d	100.000	436	0	0	1	436	23	458	0.0	806
LinJ.26	26F-779749d	100.000	440	0	0	1	440	23	462	0.0	813
LinJ.26	26G-976359d	100.000	490	0	0	1	490	5	494	0.0	905
LinJ.26	26G-1017535d	100.000	485	0	0	6	490	56	540	0.0	896
LinJ.26	26G-1017535d	100.000	480	0	0	1	480	61	540	0.0	887
LinJ.26	26G-998529d	100.000	480	0	0	1	480	61	540	0.0	887
LinJ.26	26G-976359d	100.000	480	0	0	1	480	15	494	0.0	887
LinJ.26	26G-1017535d	100.000	481	0	0	1	481	60	540	0.0	889
LinJ.26	26G-976359d	100.000	481	0	0	1	481	14	494	0.0	889
LinJ.26	26G-998529d	100.000	480	0	0	2	481	61	540	0.0	887
LinJ.27	27A-17470d	100.000	459	0	0	1	459	72	530	0.0	848
LinJ.27	27A-30510r	100.000	466	0	0	1	466	67	532	0.0	861
LinJ.27	27A-42398r	100.000	452	0	0	1	452	86	537	0.0	835
LinJ.27	27A-79682d	100.000	471	0	0	1	471	12	482	0.0	870
LinJ.27	27A-104525d	100.000	463	0	0	1	463	61	523	0.0	856
LinJ.27	27D-527214d	100.000	517	0	0	1	517	7	523	0.0	955
LinJ.27	27D-552465d	100.000	472	0	0	46	517	1	472	0.0	872
LinJ.27	27D-527214d	100.000	517	0	0	1	517	7	523	0.0	955
LinJ.27	27D-552465d	100.000	472	0	0	46	517	1	472	0.0	872
LinJ.27	27D-527214d	100.000	517	0	0	1	517	7	523	0.0	955
LinJ.27	27D-552465d	100.000	472	0	0	46	517	1	472	0.0	872
LinJ.27	27D-552465d	100.000	459	0	0	1	459	14	472	0.0	848
LinJ.27	27D-527214d	100.000	459	0	0	1	459	65	523	0.0	848
LinJ.27	27F-808977r	100.000	505	0	0	1	505	16	520	0.0	933
LinJ.27	27F-837047r	100.000	502	0	0	8	509	1	502	0.0	928
LinJ.28	28-33281d	100.000	453	0	0	1	453	1	453	0.0	837
LinJ.28	28A-169035r	100.000	452	0	0	1	452	24	475	0.0	835
LinJ.28	28B-283113r	100.000	410	0	0	69	478	1	410	0.0	758
LinJ.28	28C-428065d	100.000	473	0	0	43	515	1	473	0.0	874
LinJ.28	28C-417166r	100.000	473	0	0	43	515	1	473	0.0	874
LinJ.28	28C-428065d	100.000	473	0	0	11	483	1	473	0.0	874
LinJ.28	28C-417166r	100.000	473	0	0	11	483	1	473	0.0	874
LinJ.28	28D-526277d	100.000	404	0	0	69	472	1	404	0.0	747
LinJ.28	28D-530691d	100.000	401	0	0	69	469	1	401	0.0	741
LinJ.28	28-659006r	100.000	494	0	0	1	494	8	501	0.0	913
LinJ.28	28F-781054r	100.000	488	0	0	1	488	10	497	0.0	902
LinJ.28	28F-886863d	100.000	487	0	0	1	487	11	497	0.0	900
LinJ.28	28G-918260d	100.000	511	0	0	10	520	1	511	0.0	944
LinJ.28	28G-938282d	100.000	511	0	0	5	515	1	511	0.0	944
LinJ.28	28G-943216d	100.000	488	0	0	1	488	7	494	0.0	902
LinJ.28	28G-1002713d	100.000	450	0	0	1	450	19	468	0.0	832
LinJ.28	28H-1141192r	100.000	469	0	0	1	469	43	511	0.0	867
LinJ.28	28H-1141192r	100.000	486	0	0	1	486	43	528	0.0	898
LinJ.29	29C-285400d	100.000	443	0	0	98	540	1	443	0.0	819
LinJ.29	29-453505d	100.000	512	0	0	12	523	1	512	0.0	946
LinJ.29	29-531549d	100.000	516	0	0	1	516	19	534	0.0	953
LinJ.29	29E-658885d	100.000	498	0	0	1	498	11	508	0.0	920
LinJ.29	29E-674727r	100.000	519	0	0	9	527	1	519	0.0	959
LinJ.29	29E-681203r	100.000	527	0	0	1	527	8	534	0.0	974
LinJ.29	29-769165r	100.000	540	0	0	1	540	45	584	0.0	998
LinJ.29	29F-834894r	100.000	482	0	0	1	482	39	520	0.0	891
LinJ.29	29F-837030d	100.000	482	0	0	1	482	39	520	0.0	891
LinJ.29	29F-857840r	100.000	461	0	0	1	461	1	461	0.0	852
LinJ.29	29G-899717r	100.000	583	0	0	1	583	7	589	0.0	1077
LinJ.29	29G-926082r	100.000	579	0	0	1	579	2	580	0.0	1070
LinJ.29	29G-930834r	100.000	585	0	0	13	597	1	585	0.0	1081
LinJ.29	29G-947105d	100.000	549	0	0	1	549	7	555	0.0	1014
LinJ.29	29G-947105d	100.000	522	0	0	1	522	7	528	0.0	965
LinJ.29	29H-994990r	100.000	489	0	0	12	500	1	489	0.0	904
LinJ.29	29I-1013027r	100.000	489	0	0	18	506	1	489	0.0	904
LinJ.29	29-1018574r	100.000	497	0	0	1	497	50	546	0.0	918
LinJ.29	29I-1024817r	100.000	511	0	0	1	511	438	948	0.0	944
LinJ.29	29I-1030396r	100.000	514	0	0	1	514	438	951	0.0	950
LinJ.29	29I-1050859r	100.000	504	0	0	1	504	1	504	0.0	931
LinJ.29	29I-1057052d	100.000	505	0	0	9	513	1	505	0.0	933
LinJ.29	29I-1059645d	100.000	501	0	0	1	501	19	519	0.0	926
LinJ.30	30-40594r	100.000	548	0	0	1	548	5	552	0.0	1013
LinJ.30	30-40594r	100.000	498	0	0	1	498	4	501	0.0	920
LinJ.30	30A-107229r	100.000	473	0	0	1	473	10	482	0.0	874
LinJ.30	30A-103175d	100.000	78	0	0	396	473	6	83	4.90e-36	145
LinJ.30	30A-110814r	100.000	474	0	0	1	474	10	483	0.0	876
LinJ.30	30A-103175d	100.000	78	0	0	397	474	6	83	4.91e-36	145
LinJ.30	30B-194971d	100.000	498	0	0	1	498	63	560	0.0	920
LinJ.30	30B-206842r	100.000	498	0	0	1	498	62	559	0.0	920
LinJ.30	30B-267227r	100.000	573	0	0	1	573	45	617	0.0	1059
LinJ.30	30B-267227r	100.000	518	0	0	1	518	20	537	0.0	957
LinJ.30	30B-283614r	100.000	493	0	0	1	493	18	510	0.0	911
LinJ.30	30B-307158d	100.000	517	0	0	1	517	27	543	0.0	955
LinJ.30	30B-316571d	100.000	492	0	0	1	492	45	536	0.0	909
LinJ.30	30B-307158d	100.000	492	0	0	1	492	52	543	0.0	909
LinJ.30	30C-343357d	100.000	203	0	0	329	531	1	203	1.83e-105	375
LinJ.30	30E-626277d	100.000	507	0	0	1	507	20	526	0.0	937
LinJ.30	30E-605812d	100.000	507	0	0	1	507	20	526	0.0	937
LinJ.30	30E-626277d	100.000	507	0	0	1	507	20	526	0.0	937
LinJ.30	30E-605812d	100.000	507	0	0	1	507	20	526	0.0	937
LinJ.30	30E-667746d	100.000	499	0	0	9	507	1	499	0.0	922
LinJ.30	30-955288d	100.000	506	0	0	1	506	19	524	0.0	935
LinJ.30	30H-1012344r	100.000	504	0	0	1	504	1	504	0.0	931
LinJ.30	30H-1030377r	100.000	504	0	0	1	504	1	504	0.0	931
LinJ.31	31A-16883r	100.000	346	0	0	112	457	1	346	0.0	640
LinJ.31	31A-112031d	100.000	253	0	0	144	396	1	253	2.54e-133	468
LinJ.31	31B-162243r	100.000	508	0	0	12	519	1	508	0.0	939
LinJ.31	31B-183810d	100.000	507	0	0	1	507	2	508	0.0	937
LinJ.31	31B-206782r	100.000	507	0	0	1	507	2	508	0.0	937
LinJ.31	31-242208d	100.000	566	0	0	4	569	1	566	0.0	1046
LinJ.31	31D-376785r	100.000	484	0	0	31	514	1	484	0.0	894
LinJ.31	31D-426406r	100.000	481	0	0	4	484	1	481	0.0	889
LinJ.31	31D-407845r	100.000	481	0	0	4	484	1	481	0.0	889
LinJ.31	31D-426406r	100.000	481	0	0	27	507	1	481	0.0	889
LinJ.31	31D-407845r	100.000	481	0	0	27	507	1	481	0.0	889
LinJ.31	31-611715r	100.000	474	0	0	3	476	1	474	0.0	876
LinJ.31	31F-719242r	100.000	460	0	0	1	460	10	469	0.0	850
LinJ.31	31F-703824r	100.000	460	0	0	1	460	10	469	0.0	850
LinJ.31	31F-719242r	100.000	460	0	0	1	460	10	469	0.0	850
LinJ.31	31F-703824r	100.000	460	0	0	1	460	10	469	0.0	850
LinJ.31	31G-756108r	100.000	465	0	0	14	478	1	465	0.0	859
LinJ.31	31G-766440r	100.000	454	0	0	3	456	1	454	0.0	839
LinJ.31	31G-818011r	100.000	496	0	0	1	496	15	510	0.0	917
LinJ.31	31G-799507r	100.000	496	0	0	1	496	15	510	0.0	917
LinJ.31	31G-818011r	100.000	496	0	0	1	496	15	510	0.0	917
LinJ.31	31G-799507r	100.000	496	0	0	1	496	15	510	0.0	917
LinJ.31	31J-949091d	100.000	382	0	0	20	401	1	382	0.0	706
LinJ.31	31K-1027652r	100.000	508	0	0	8	515	1	508	0.0	939
LinJ.31	31K-1018392r	100.000	508	0	0	8	515	1	508	0.0	939
LinJ.31	31K-1027652r	100.000	508	0	0	16	523	1	508	0.0	939
LinJ.31	31K-1018392r	100.000	508	0	0	16	523	1	508	0.0	939
LinJ.31	31L-1102569r	100.000	476	0	0	1	476	52	527	0.0	880
LinJ.31	31L-1086160r	100.000	476	0	0	1	476	52	527	0.0	880
LinJ.31	31L-1102569r	100.000	476	0	0	1	476	52	527	0.0	880
LinJ.31	31L-1086160r	100.000	476	0	0	1	476	52	527	0.0	880
LinJ.31	31M-1122889r	100.000	505	0	0	1	505	12	516	0.0	933
LinJ.31	24F-508655d	100.000	29	0	0	7	35	24	52	9.10e-09	54.7
LinJ.31	24F-499031d	100.000	29	0	0	7	35	1	29	9.10e-09	54.7
LinJ.31	24F-493407d	100.000	29	0	0	7	35	24	52	9.10e-09	54.7
LinJ.31	24F-460083d	100.000	29	0	0	7	35	23	51	9.10e-09	54.7
LinJ.31	31M-1140278r	100.000	500	0	0	1	500	12	511	0.0	924
LinJ.31	31M-1165799r	100.000	476	0	0	36	511	1	476	0.0	880
LinJ.31	31M-1177532d	100.000	395	0	0	81	475	1	395	0.0	730
LinJ.31	31O-1357775d	100.000	538	0	0	1	538	10	547	0.0	994
LinJ.31	31O-1366650r	100.000	476	0	0	1	476	72	547	0.0	880
LinJ.32	LiSIDER2-32-18439r	100.000	476	0	0	1	476	47	522	0.0	880
LinJ.32	LiSIDER2-32-30662r	100.000	560	0	0	23	582	1	560	0.0	1035
LinJ.32	LiSIDER2-32-30662r	100.000	476	0	0	1	476	47	522	0.0	880
LinJ.32	LiSIDER2-32-39696d	100.000	570	0	0	2	571	1	570	0.0	1053
LinJ.32	LiSIDER2-32-46425r	100.000	496	0	0	2	497	1	496	0.0	917
LinJ.32	LiSIDER2-32-72349d	100.000	568	0	0	22	589	1	568	0.0	1050
LinJ.32	LiSIDER2-32-84516r	100.000	488	0	0	22	509	1	488	0.0	902
LinJ.32	LiSIDER2-32-121058r	100.000	494	0	0	1	494	2	495	0.0	913
LinJ.32	LiSIDER2-32-127617r	100.000	484	0	0	16	499	1	484	0.0	894
LinJ.32	LiSIDER2-32-169517r	100.000	484	0	0	1	484	29	512	0.0	894
LinJ.32	LiSIDER2-32-185886r	100.000	484	0	0	1	484	29	512	0.0	894
LinJ.32	LiSIDER2-32-232971d	100.000	496	0	0	1	496	5	500	0.0	917
LinJ.32	LiSIDER2-32-420911d	100.000	448	0	0	33	480	1	448	0.0	828
LinJ.32	LiSIDER2-32-546470r	100.000	460	0	0	1	460	220	679	0.0	850
LinJ.32	LiSIDER2-32-520410d	100.000	460	0	0	1	460	202	661	0.0	850
LinJ.32	LiSIDER2-32-542863d	100.000	203	0	0	3	205	219	421	1.61e-105	375
LinJ.32	LiSIDER2-32-546470r	100.000	460	0	0	1	460	220	679	0.0	850
LinJ.32	LiSIDER2-32-520410d	100.000	460	0	0	1	460	202	661	0.0	850
LinJ.32	LiSIDER2-32-542863d	100.000	203	0	0	3	205	219	421	1.59e-105	375
LinJ.32	LiSIDER2-32-588727r	100.000	538	0	0	1	538	9	546	0.0	994
LinJ.32	LiSIDER2-32-598168r	100.000	552	0	0	39	590	1	552	0.0	1020
LinJ.32	LiSIDER2-32-661708r	100.000	464	0	0	1	464	4	467	0.0	857
LinJ.32	LiSIDER2-32-775723r	100.000	252	0	0	207	458	1	252	8.90e-133	466
LinJ.32	LiSIDER2-32-794401r	100.000	493	0	0	19	511	1	493	0.0	911
LinJ.32	LiSIDER2-32-919839r	100.000	470	0	0	1	470	123	592	0.0	869
LinJ.32	LiSIDER2-32-937896d	100.000	474	0	0	91	564	3	476	0.0	876
LinJ.32	LiSIDER2-32-953057r	100.000	564	0	0	1	564	29	592	0.0	1042
LinJ.32	LiSIDER2-32-991979r	100.000	583	0	0	1	583	13	595	0.0	1077
LinJ.32	LiSIDER2-32-1017837r	100.000	582	0	0	2	583	14	595	0.0	1075
LinJ.32	LiSIDER2-32-991979r	100.000	494	0	0	1	494	13	506	0.0	913
LinJ.32	LiSIDER2-32-1017837r	100.000	493	0	0	2	494	14	506	0.0	911
LinJ.32	LiSIDER2-32-1017837r	100.000	594	0	0	1	594	14	607	0.0	1098
LinJ.32	LiSIDER2-32-991979r	100.000	591	0	0	1	591	14	604	0.0	1092
LinJ.32	LiSIDER2-32-1195026d	100.000	479	0	0	1	479	62	540	0.0	885
LinJ.32	LiSIDER2-32-1219109r	100.000	479	0	0	1	479	62	540	0.0	885
LinJ.32	LiSIDER2-32-1284330d	100.000	454	0	0	1	454	5	458	0.0	839
LinJ.33	33A-9346d	100.000	472	0	0	1	472	89	560	0.0	872
LinJ.33	33A-37687r	100.000	532	0	0	1	532	90	621	0.0	983
LinJ.33	33A-37687r	100.000	471	0	0	1	471	90	560	0.0	870
LinJ.33	33A-47183r	100.000	533	0	0	1	533	79	611	0.0	985
LinJ.33	33A-49692r	100.000	469	0	0	1	469	116	584	0.0	867
LinJ.33	33A-84701r	100.000	534	0	0	1	534	116	649	0.0	987
LinJ.33	33A-106116d	100.000	469	0	0	1	469	75	543	0.0	867
LinJ.33	33B-130927r	100.000	538	0	0	1	538	22	559	0.0	994
LinJ.33	33B-142890r	100.000	534	0	0	1	534	3	536	0.0	987
LinJ.33	33B-155816r	100.000	538	0	0	1	538	22	559	0.0	994
LinJ.33	33B-194074r	100.000	541	0	0	1	541	50	590	0.0	1000
LinJ.33	33B-183239r	100.000	541	0	0	1	541	52	592	0.0	1000
LinJ.33	33B-194074r	100.000	541	0	0	1	541	50	590	0.0	1000
LinJ.33	33B-183239r	100.000	541	0	0	1	541	52	592	0.0	1000
LinJ.33	33B-196974r	100.000	541	0	0	1	541	13	553	0.0	1000
LinJ.33	33B-213034r	100.000	500	0	0	1	500	20	519	0.0	924
LinJ.33	33C-281166d	100.000	505	0	0	1	505	2	506	0.0	933
LinJ.33	33C-262948d	100.000	505	0	0	1	505	2	506	0.0	933
LinJ.33	33C-281166d	100.000	505	0	0	1	505	2	506	0.0	933
LinJ.33	33C-262948d	100.000	505	0	0	1	505	2	506	0.0	933
LinJ.33	33D-295103d	100.000	524	0	0	1	524	15	538	0.0	968
LinJ.33	33D-314742d	100.000	518	0	0	1	518	10	527	0.0	957
LinJ.33	33D-323954d	100.000	605	0	0	1	605	18	622	0.0	1118
LinJ.33	33D-323954d	100.000	523	0	0	1	523	18	540	0.0	966
LinJ.33	33D-335330d	100.000	502	0	0	5	506	1	502	0.0	928
LinJ.33	33D-357740d	100.000	496	0	0	1	496	5	500	0.0	917
LinJ.33	33-387904d	100.000	578	0	0	5	582	1	578	0.0	1068
LinJ.33	33D-415222d	100.000	450	0	0	1	450	4	453	0.0	832
LinJ.33	33H-933456d	100.000	530	0	0	1	530	4	533	0.0	979
LinJ.33	33H-936558r	100.000	536	0	0	1	536	15	550	0.0	990
LinJ.33	33I-1014098r	100.000	504	0	0	1	504	24	527	0.0	931
LinJ.33	33I-1032228d	100.000	479	0	0	1	479	24	502	0.0	885
LinJ.33	33-1035186d	100.000	502	0	0	25	526	1	502	0.0	928
LinJ.33	33I-1088046d	100.000	470	0	0	1	470	6	475	0.0	869
LinJ.33	33-1189990d	100.000	559	0	0	1	559	1	559	0.0	1033
LinJ.33	33J-1370260d	100.000	523	0	0	1	523	60	582	0.0	966
LinJ.33	33J-1344408r	100.000	523	0	0	1	523	63	585	0.0	966
LinJ.33	33J-1370260d	100.000	523	0	0	1	523	60	582	0.0	966
LinJ.33	33J-1344408r	100.000	523	0	0	1	523	63	585	0.0	966
LinJ.34	34B-107899d	100.000	457	0	0	94	550	1	457	0.0	845
LinJ.34	34B-107899d	100.000	371	0	0	94	464	1	371	0.0	686
LinJ.34	34C-249683d	100.000	398	0	0	1	398	12	409	0.0	736
LinJ.34	34C-331629d	100.000	470	0	0	1	470	34	503	0.0	869
LinJ.34	34C-341069d	100.000	518	0	0	1	518	7	524	0.0	957
LinJ.34	34C-346137d	100.000	484	0	0	1	484	7	490	0.0	894
LinJ.34	34C-346137d	100.000	492	0	0	1	492	7	498	0.0	909
LinJ.34	34C-383842d	100.000	484	0	0	1	484	80	563	0.0	894
LinJ.34	34C-341069d	100.000	484	0	0	1	484	7	490	0.0	894
LinJ.34	34C-356998d	100.000	470	0	0	1	470	34	503	0.0	869
LinJ.34	34C-383842d	100.000	470	0	0	1	470	34	503	0.0	869
LinJ.34	34C-346137d	100.000	430	0	0	41	470	1	430	0.0	795
LinJ.34	34C-341069d	100.000	430	0	0	41	470	1	430	0.0	795
LinJ.34	34C-388695d	100.000	470	0	0	1	470	13	482	0.0	869
LinJ.34	34C-403353d	100.000	561	0	0	9	569	1	561	0.0	1037
LinJ.34	34D-430544d	100.000	601	0	0	1	601	42	642	0.0	1110
LinJ.34	34D-469248r	100.000	601	0	0	5	605	1	601	0.0	1110
LinJ.34	34E-527232r	100.000	467	0	0	1	467	1	467	0.0	863
LinJ.34	34F-8417001r	100.000	526	0	0	1	526	1	526	0.0	972
LinJ.34	34F-8417001r	100.000	465	0	0	1	465	62	526	0.0	859
LinJ.34	34-878819r	100.000	515	0	0	1	515	63	577	0.0	952
LinJ.34	34G-922737r	100.000	525	0	0	9	533	1	525	0.0	970
LinJ.34	34G-899185r	100.000	39	0	0	436	474	406	444	2.70e-14	73.1
LinJ.34	34G-943043d	100.000	492	0	0	1	492	19	510	0.0	909
LinJ.34	34G-958778r	100.000	524	0	0	4	527	1	524	0.0	968
LinJ.34	34G-899185r	100.000	41	0	0	428	468	404	444	2.18e-15	76.8
LinJ.34	34G-958778r	100.000	453	0	0	1	453	72	524	0.0	837
LinJ.34	34G-899185r	100.000	41	0	0	354	394	404	444	1.89e-15	76.8
LinJ.34	34H-1066527r	100.000	511	0	0	17	527	1	511	0.0	944
LinJ.34	34H-1104219d	100.000	514	0	0	1	514	12	525	0.0	950
LinJ.34	34H-1111631d	100.000	521	0	0	1	521	85	605	0.0	963
LinJ.34	34H-1127409d	100.000	495	0	0	1	495	16	510	0.0	915
LinJ.34	34I-1153369d	100.000	474	0	0	1	474	56	529	0.0	876
LinJ.34	34I-1168514d	100.000	471	0	0	1	471	6	476	0.0	870
LinJ.34	34I-1172523d	100.000	469	0	0	1	469	56	524	0.0	867
LinJ.34	34I-1178209d	100.000	460	0	0	1	460	1	460	0.0	850
LinJ.34	34L-1491224d	100.000	226	0	0	237	462	1	226	2.55e-118	418
LinJ.35	35-103785r	100.000	513	0	0	1	513	5	517	0.0	948
LinJ.35	35-315582d	100.000	578	0	0	10	587	1	578	0.0	1068
LinJ.35	35B-385760d	100.000	522	0	0	48	569	1	522	0.0	965
LinJ.35	35-498559r	100.000	482	0	0	1	482	13	494	0.0	891
LinJ.35	35D-553758r	100.000	449	0	0	20	468	1	449	0.0	830
LinJ.35	35D-595714d	100.000	398	0	0	101	498	1	398	0.0	736
LinJ.35	35F-689542r	100.000	475	0	0	1	475	21	495	0.0	878
LinJ.35	28E-608778r	100.000	28	0	0	64	91	100	127	3.07e-08	52.8
LinJ.35	28E-598277r	100.000	28	0	0	64	91	145	172	3.07e-08	52.8
LinJ.35	28E-586649d	100.000	28	0	0	64	91	145	172	3.07e-08	52.8
LinJ.35	28E-545683r	100.000	28	0	0	64	91	29	56	3.07e-08	52.8
LinJ.35	35F-704686r	100.000	496	0	0	1	496	10	505	0.0	917
LinJ.35	35F-710911r	100.000	475	0	0	1	475	21	495	0.0	878
LinJ.35	35F-724657d	100.000	494	0	0	1	494	10	503	0.0	913
LinJ.35	28E-608778r	100.000	28	0	0	83	110	100	127	3.20e-08	52.8
LinJ.35	28E-598277r	100.000	28	0	0	83	110	145	172	3.20e-08	52.8
LinJ.35	28E-586649d	100.000	28	0	0	83	110	145	172	3.20e-08	52.8
LinJ.35	28E-545683r	100.000	28	0	0	83	110	29	56	3.20e-08	52.8
LinJ.35	35F-735969d	100.000	494	0	0	1	494	10	503	0.0	913
LinJ.35	35G-835333d	100.000	481	0	0	1	481	14	494	0.0	889
LinJ.35	35G-828008d	100.000	481	0	0	1	481	14	494	0.0	889
LinJ.35	35G-835333d	100.000	481	0	0	1	481	14	494	0.0	889
LinJ.35	35G-828008d	100.000	481	0	0	1	481	14	494	0.0	889
LinJ.35	35-947855d	100.000	491	0	0	1	491	76	566	0.0	907
LinJ.35	35-992250d	100.000	514	0	0	4	517	1	514	0.0	950
LinJ.35	35H-1047574d	100.000	255	0	0	242	496	1	255	2.08e-134	472
LinJ.35	35J-1320100r	100.000	508	0	0	5	512	1	508	0.0	939
LinJ.35	35J-1349318d	100.000	504	0	0	1	504	45	548	0.0	931
LinJ.35	35J-1355845r	100.000	503	0	0	1	503	45	547	0.0	929
LinJ.35	35K-1390003r	100.000	426	0	0	27	452	1	426	0.0	787
LinJ.35	35K-1399678r	100.000	456	0	0	1	456	54	509	0.0	843
LinJ.35	35N-1768074d	100.000	497	0	0	1	497	55	551	0.0	918
LinJ.35	35N-1830577d	100.000	509	0	0	1	509	7	515	0.0	941
LinJ.35	35N-1818131d	100.000	509	0	0	1	509	7	515	0.0	941
LinJ.35	35N-1830577d	100.000	509	0	0	1	509	7	515	0.0	941
LinJ.35	35N-1818131d	100.000	509	0	0	1	509	7	515	0.0	941
LinJ.35	35N-1852426r	100.000	509	0	0	1	509	11	519	0.0	941
LinJ.35	35N-1864060d	100.000	586	0	0	1	586	1	586	0.0	1083
LinJ.35	35O-2033683d	100.000	572	0	0	1	572	11	582	0.0	1057
LinJ.35	35O-2048736d	100.000	574	0	0	1	574	11	584	0.0	1061
LinJ.35	35O-2055790d	100.000	576	0	0	1	576	8	583	0.0	1064
LinJ.35	35O-2059787d	100.000	512	0	0	1	512	1	512	0.0	946
LinJ.36	36E-557431r	100.000	483	0	0	1	483	44	526	0.0	893
LinJ.36	36E-565221r	100.000	485	0	0	1	485	43	527	0.0	896
LinJ.36	36E-578112r	100.000	483	0	0	1	483	44	526	0.0	893
LinJ.36	36E-580697r	100.000	561	0	0	1	561	4	564	0.0	1037
LinJ.36	36E-584882d	100.000	490	0	0	6	495	1	490	0.0	905
LinJ.36	36E-625008r	100.000	497	0	0	1	497	5	501	0.0	918
LinJ.36	36F-782747r	100.000	333	0	0	1	333	22	354	9.29e-178	616
LinJ.36	36G-903598d	100.000	402	0	0	62	463	1	402	0.0	743
LinJ.36	36G-925357d	100.000	388	0	0	76	463	15	402	0.0	717
LinJ.36	29-1018574r	100.000	32	0	0	3	34	48	79	1.79e-10	60.2
LinJ.36	36G-925357d	100.000	424	0	0	89	512	1	424	0.0	784
LinJ.36	36G-903598d	100.000	410	0	0	103	512	15	424	0.0	758
LinJ.36	36-1296535r	100.000	458	0	0	1	458	47	504	0.0	846
LinJ.36	36K-1403656d	100.000	475	0	0	1	475	31	505	0.0	878
LinJ.36	36K-1398728r	100.000	475	0	0	1	475	31	505	0.0	878
LinJ.36	36K-1403656d	100.000	475	0	0	1	475	31	505	0.0	878
LinJ.36	36K-1398728r	100.000	475	0	0	1	475	31	505	0.0	878
LinJ.36	36K-1454200d	100.000	551	0	0	21	571	1	551	0.0	1018
LinJ.36	36-1878847d	100.000	462	0	0	1	462	71	532	0.0	854
LinJ.36	36-1974189r	100.000	516	0	0	13	528	1	516	0.0	953
LinJ.36	36O-2074155r	100.000	591	0	0	4	594	1	591	0.0	1092
LinJ.36	36O-2074155r	100.000	517	0	0	4	520	1	517	0.0	955
LinJ.36	36O-2121374r	100.000	591	0	0	7	597	1	591	0.0	1092
LinJ.36	36O-2121374r	100.000	517	0	0	7	523	1	517	0.0	955
LinJ.36	36Q-2435101r	100.000	497	0	0	1	497	8	504	0.0	918
LinJ.36	36Q-2464596r	100.000	508	0	0	11	518	1	508	0.0	939
LinJ.36	36R-2565107r	100.000	555	0	0	1	555	6	560	0.0	1026
LinJ.36	36R-2579314r	100.000	506	0	0	1	506	17	522	0.0	935
LinJ.36	36R-2588880r	100.000	521	0	0	1	521	4	524	0.0	963
LinJ.36	36R-2595839r	100.000	550	0	0	1	550	4	553	0.0	1016
LinJ.36	36R-2622909r	100.000	553	0	0	6	558	1	553	0.0	1022
LinJ.36	36R-2637875r	100.000	548	0	0	1	548	6	553	0.0	1013
