# args=-index esa_index -out ltrharvest.out
# predictions are reported in the following way
# s(ret) e(ret) l(ret) s(lLTR) e(lLTR) l(lLTR) s(rLTR) e(rLTR) l(rLTR) sim(LTRs) seq-nr 
# where:
# s = starting position
# e = ending position
# l = length
# ret = LTR-retrotransposon
# lLTR = left LTR
# rLTR = right LTR
# sim = similarity
# seq-nr = sequence number
102856  105304  2449  102856  103507  652  104650  105304  655  98.93  0
136513  140485  3973  136513  136759  247  140236  140485  250  96.00  0
273142  274966  1825  273142  273644  503  274467  274966  500  96.82  0
16525  27759  11235  16525  16942  418  27338  27759  422  97.39  1
80542  92839  12298  80542  81538  997  91845  92839  995  98.29  1
119025  123635  4611  119025  119479  455  123180  123635  456  95.83  1
258975  269114  10140  258975  259448  474  268645  269114  470  93.88  1
273646  288255  14610  273646  274645  1000  287261  288255  995  98.60  1
67939  72442  4504  67939  68937  999  71447  72442  996  98.80  2
122484  128793  6310  122484  123074  591  128211  128793  583  98.31  2
143108  144672  1565  143108  143434  327  144354  144672  319  94.19  2
47788  55710  7923  47788  47937  150  55562  55710  149  94.00  3
56513  59356  2844  56513  56866  354  59022  59356  335  94.07  3
96956  100610  3655  96956  97157  202  100420  100610  191  92.57  3
221370  223913  2544  221370  221877  508  223402  223913  512  97.85  3
269523  271930  2408  269523  269914  392  271548  271930  383  95.92  3
300312  302749  2438  300312  300922  611  302135  302749  615  98.54  3
391157  394648  3492  391157  391534  378  394281  394648  368  95.77  3
39882  43828  3947  39882  40235  354  43476  43828  353  96.61  4
78497  80769  2273  78497  79482  986  79770  80769  1000  97.70  4
114823  118874  4052  114823  115819  997  117902  118874  973  96.69  4
147460  152469  5010  147460  147830  371  152080  152469  390  92.05  4
356221  363495  7275  356221  356406  186  363315  363495  181  95.70  4
371523  374039  2517  371523  371757  235  373809  374039  231  94.89  4
442273  445929  3657  442273  442685  413  445532  445929  398  93.70  4
452646  463451  10806  452646  453215  570  462883  463451  569  98.42  4
33023  38790  5768  33023  33347  325  38446  38790  345  91.88  5
140010  144149  4140  140010  140727  718  143422  144149  728  96.57  5
181054  191203  10150  181054  181604  551  190633  191203  571  95.45  5
271161  272672  1512  271161  271447  287  272382  272672  291  94.50  5
457559  463572  6014  457559  458088  530  463052  463572  521  97.55  5
502554  515203  12650  502554  502759  206  515010  515203  194  93.69  5
5  1523  1519  5  188  184  1334  1523  190  96.84  6
15012  22864  7853  15012  15469  458  22400  22864  465  96.56  6
236638  239575  2938  236638  237521  884  238700  239575  876  99.10  6
410234  420480  10247  410234  410540  307  420170  420480  311  97.75  6
447969  457952  9984  447969  448364  396  457560  457952  393  96.46  6
569562  574656  5095  569562  569976  415  574246  574656  411  98.55  6
278608  285807  7200  278608  279006  399  285404  285807  404  95.54  7
291703  297823  6121  291703  292202  500  297323  297823  501  96.81  7
338035  343448  5414  338035  338271  237  343216  343448  233  93.25  7
420745  435578  14834  420745  421744  1000  434580  435578  999  99.20  7
443891  453354  9464  443891  444494  604  452753  453354  602  97.68  7
503181  514533  11353  503181  503641  461  514071  514533  463  98.27  7
375  1526  1152  375  487  113  1425  1526  102  87.61  8
72477  76526  4050  72477  73476  1000  75527  76526  1000  99.80  8
122758  128139  5382  122758  123014  257  127884  128139  256  98.44  8
218799  229588  10790  218799  219036  238  229338  229588  251  92.43  8
360741  364915  4175  360741  361366  626  364285  364915  631  98.89  8
376473  379825  3353  376473  377471  999  378838  379825  988  98.70  8
424190  429573  5384  424190  424656  467  429116  429573  458  96.57  8
482504  490882  8379  482504  482815  312  490558  490882  325  95.69  8
168729  183104  14376  168729  168936  208  182893  183104  212  97.17  9
225953  230001  4049  225953  226952  1000  229005  230001  997  99.50  9
239129  251773  12645  239129  239580  452  251323  251773  451  99.12  9
370891  373946  3056  370891  371122  232  373702  373946  245  91.02  9
469169  475015  5847  469169  469601  433  474575  475015  441  97.05  9
548657  563537  14881  548657  549048  392  563147  563537  391  98.21  9
18878  20769  1892  18878  19389  512  20258  20769  512  99.02  10
98471  104002  5532  98471  98634  164  103841  104002  162  97.56  10
189491  193914  4424  189491  190038  548  193366  193914  549  98.36  10
233602  238410  4809  233602  234447  846  237558  238410  853  98.83  10
250063  255986  5924  250063  250181  119  255858  255986  129  86.82  10
256735  270313  13579  256735  257325  591  269733  270313  581  96.79  10
293575  295796  2222  293575  294085  511  295291  295796  506  97.26  10
365106  375536  10431  365106  365642  537  374984  375536  553  94.76  10
380257  382787  2531  380257  380846  590  382206  382787  582  98.14  10
442744  446290  3547  442744  442923  180  446110  446290  181  87.29  10
521613  535972  14360  521613  521803  191  535777  535972  196  93.37  10
122420  134719  12300  122420  122597  178  134545  134719  175  92.70  11
397833  410599  12767  397833  398831  999  409600  410599  1000  99.70  11
488078  490107  2030  488078  488875  798  489296  490107  812  96.80  11
592112  593440  1329  592112  592217  106  593332  593440  109  95.41  11
60513  65949  5437  60513  61113  601  65332  65949  618  95.95  12
423811  427360  3550  423811  424695  885  426466  427360  895  98.21  12
459433  460866  1434  459433  459533  101  460766  460866  101  100.00  12
479386  480934  1549  479386  479596  211  480731  480934  204  92.42  12
578366  587589  9224  578366  578825  460  587126  587589  464  97.63  12
104461  109621  5161  104461  105072  612  109009  109621  613  97.72  13
130711  142196  11486  130711  131702  992  141213  142196  984  97.98  13
177545  183929  6385  177545  178370  826  183120  183929  810  96.85  13
264655  268758  4104  264655  265653  999  267770  268758  989  98.80  13
288908  292831  3924  288908  289518  611  292236  292831  596  97.38  13
359888  363096  3209  359888  360378  491  362588  363096  509  95.87  13
417704  418857  1154  417704  417839  136  418721  418857  137  96.35  13
483946  487160  3215  483946  484935  990  486173  487160  988  92.12  13
498691  500909  2219  498691  499055  365  500545  500909  365  99.18  13
515323  518595  3273  515323  516322  1000  517596  518595  1000  98.70  13
581119  584916  3798  581119  581753  635  584304  584916  613  96.22  13
9201  12944  3744  9201  9647  447  12496  12944  449  94.43  14
109390  112110  2721  109390  110029  640  111462  112110  649  98.46  14
123757  130983  7227  123757  124132  376  130598  130983  386  93.52  14
141386  142980  1595  141386  141900  515  142481  142980  500  93.79  14
158657  160304  1648  158657  158925  269  160036  160304  269  97.77  14
162831  166153  3323  162831  163536  706  165456  166153  698  94.76  14
180034  189712  9679  180034  180375  342  189364  189712  349  97.42  14
404130  417782  13653  404130  404657  528  417253  417782  530  99.25  14
472427  479499  7073  472427  473256  830  478659  479499  841  98.22  14
508491  510209  1719  508491  508873  383  509842  510209  368  95.30  14
526782  531497  4716  526782  527780  999  530503  531497  995  99.10  14
615301  621307  6007  615301  615683  383  620927  621307  381  97.65  14
16870  21014  4145  16870  17111  242  20777  21014  238  94.21  15
60237  64543  4307  60237  60465  229  64305  64543  239  90.38  15
141364  147656  6293  141364  141740  377  147261  147656  396  94.19  15
199153  212325  13173  199153  199597  445  211885  212325  441  96.63  15
330286  332294  2009  330286  330716  431  331870  332294  425  96.52  15
379345  389458  10114  379345  380263  919  388548  389458  911  99.13  15
443454  446409  2956  443454  443813  360  446067  446409  343  94.17  15
516676  520031  3356  516676  517200  525  519517  520031  515  96.57  15
593393  599843  6451  593393  593921  529  599304  599843  540  97.04  15
612011  620679  8669  612011  612510  500  620175  620679  505  98.22  15
680631  682561  1931  680631  681013  383  682166  682561  396  92.68  15
70071  85426  15356  70071  71051  981  84446  85426  981  98.98  16
100015  110363  10349  100015  100678  664  109705  110363  659  98.64  16
185551  193059  7509  185551  186158  608  192458  193059  602  96.88  16
319405  322748  3344  319405  319961  557  322189  322748  560  97.32  16
332643  344344  11702  332643  333150  508  343830  344344  515  97.86  16
583147  584260  1114  583147  583251  105  584152  584260  109  89.91  16
626795  638396  11602  626795  627198  404  638013  638396  384  93.56  16
59559  70447  10889  59559  60112  554  69900  70447  548  97.65  17
171558  174731  3174  171558  171832  275  174451  174731  281  97.51  17
210650  220078  9429  210650  211143  494  219565  220078  514  95.33  17
468389  481526  13138  468389  468865  477  481052  481526  475  96.86  17
502028  507439  5412  502028  502997  970  506462  507439  978  99.08  17
520675  527476  6802  520675  521500  826  526646  527476  831  96.51  17
545977  555840  9864  545977  546704  728  555117  555840  724  99.31  17
670268  685268  15001  670268  670850  583  684686  685268  583  97.94  17
702316  712434  10119  702316  702780  465  711986  712434  449  95.27  17
50060  56577  6518  50060  51035  976  55600  56577  978  99.49  18
206821  210900  4080  206821  207211  391  210513  210900  388  94.63  18
291795  301027  9233  291795  291903  109  300913  301027  115  90.43  18
362537  369968  7432  362537  362800  264  369706  369968  263  98.48  18
406408  414074  7667  406408  406777  370  413714  414074  361  92.43  18
522384  525188  2805  522384  522667  284  524894  525188  295  91.86  18
581836  595644  13809  581836  582757  922  594740  595644  905  98.16  18
608320  618585  10266  608320  608765  446  618121  618585  465  95.27  18
657749  663851  6103  657749  658307  559  663290  663851  562  97.33  18
601  10657  10057  601  1081  481  10179  10657  479  98.54  19
26414  38805  12392  26414  26769  356  38461  38805  345  95.79  19
123887  126908  3022  123887  124885  999  125909  126908  1000  99.70  19
142342  149337  6996  142342  142910  569  148767  149337  571  99.65  19
441567  450074  8508  441567  441827  261  449821  450074  254  95.40  19
512491  520739  8249  512491  512980  490  520243  520739  497  94.16  19
543942  551231  7290  543942  544400  459  550786  551231  446  96.95  19
595971  599657  3687  595971  596724  754  598903  599657  755  98.41  19
713610  719360  5751  713610  714073  464  718902  719360  459  98.49  19
191208  194935  3728  191208  191891  684  194261  194935  675  97.51  20
196588  203125  6538  196588  197128  541  202581  203125  545  96.51  20
220255  224909  4655  220255  220640  386  224518  224909  392  95.15  20
267323  278453  11131  267323  267879  557  277893  278453  561  96.08  20
296759  309431  12673  296759  297225  467  308976  309431  456  94.22  20
384270  386742  2473  384270  384680  411  386334  386742  409  95.86  20
438999  440879  1881  438999  439563  565  440322  440879  558  98.76  20
572744  576397  3654  572744  573101  358  576035  576397  363  96.97  20
652067  656067  4001  652067  652585  519  655556  656067  512  95.38  20
734922  737637  2716  734922  735526  605  737022  737637  616  98.05  20
57658  62923  5266  57658  58048  391  62549  62923  375  94.63  21
175740  188794  13055  175740  176712  973  187819  188794  976  99.39  21
211338  220847  9510  211338  211812  475  220377  220847  471  97.68  21
221440  228350  6911  221440  221978  539  227829  228350  522  94.99  21
307412  314913  7502  307412  307667  256  314658  314913  256  99.22  21
344651  354544  9894  344651  345522  872  353680  354544  865  98.74  21
395521  396790  1270  395521  395620  100  396691  396790  100  93.00  21
533629  535676  2048  533629  533853  225  535429  535676  248  90.73  21
552905  554973  2069  552905  553215  311  554668  554973  306  98.39  21
585439  594352  8914  585439  586093  655  593691  594352  662  98.19  21
603469  605996  2528  603469  604149  681  605314  605996  683  97.22  21
642793  644076  1284  642793  643063  271  643821  644076  256  92.99  21
661435  675912  14478  661435  661959  525  675387  675912  526  97.72  21
676236  686810  10575  676236  677008  773  686042  686810  769  99.09  21
758185  770914  12730  758185  759184  1000  769920  770914  995  98.90  21
778564  780218  1655  778564  779121  558  779644  780218  575  95.65  21
37755  39412  1658  37755  37976  222  39202  39412  211  94.14  22
63994  72466  8473  63994  64337  344  72129  72466  338  97.97  22
95988  98101  2114  95988  96662  675  97424  98101  678  99.12  22
288072  297350  9279  288072  288343  272  297078  297350  273  95.60  22
334721  341610  6890  334721  335326  606  341023  341610  588  96.70  22
440383  455274  14892  440383  440658  276  455000  455274  275  98.91  22
508379  517165  8787  508379  509319  941  516228  517165  938  98.62  22
543654  548251  4598  543654  544376  723  547523  548251  729  98.63  22
672224  676973  4750  672224  672845  622  676343  676973  631  98.26  22
25911  30865  4955  25911  26451  541  30334  30865  532  97.97  23
110778  119137  8360  110778  111673  896  118258  119137  880  97.77  23
153781  161504  7724  153781  154338  558  160956  161504  549  97.49  23
197309  200633  3325  197309  197847  539  200082  200633  552  97.10  23
274894  279159  4266  274894  275136  243  278914  279159  246  95.53  23
425067  428080  3014  425067  425719  653  427429  428080  652  98.93  23
455115  466176  11062  455115  455719  605  465585  466176  592  96.69  23
498414  508328  9915  498414  498684  271  508053  508328  276  96.74  23
577941  580837  2897  577941  578847  907  579928  580837  910  99.01  23
715858  730584  14727  715858  716434  577  730009  730584  576  98.61  23
775484  780335  4852  775484  775877  394  779952  780335  384  93.91  23
787269  789549  2281  787269  787968  700  788841  789549  709  98.73  23
829373  831228  1856  829373  829494  122  831105  831228  124  95.97  23
50954  59349  8396  50954  51518  565  58790  59349  560  98.94  24
158713  168780  10068  158713  159206  494  168268  168780  513  96.10  24
256988  259323  2336  256988  257519  532  258780  259323  544  95.22  24
559649  566904  7256  559649  560144  496  566408  566904  497  97.99  24
605212  611619  6408  605212  605547  336  611292  611619  328  94.94  24
800705  805790  5086  800705  801611  907  804886  805790  905  98.79  24
860031  872804  12774  860031  860666  636  872173  872804  632  99.21  24
35728  47613  11886  35728  36375  648  46964  47613  650  98.15  25
168008  173494  5487  168008  168352  345  173162  173494  333  95.36  25
229979  232749  2771  229979  230463  485  232254  232749  496  95.97  25
253063  255178  2116  253063  253642  580  254596  255178  583  98.97  25
564921  570318  5398  564921  565403  483  569827  570318  492  96.34  25
589918  592040  2123  589918  590168  251  591777  592040  264  93.56  25
599365  605637  6273  599365  599831  467  605156  605637  482  95.02  25
636183  645317  9135  636183  637057  875  644436  645317  882  97.85  25
683190  689617  6428  683190  683613  424  689183  689617  435  96.55  25
705270  707090  1821  705270  706009  740  706353  707090  738  98.78  25
734685  737070  2386  734685  734987  303  736764  737070  307  90.88  25
790936  803590  12655  790936  791602  667  802918  803590  673  98.07  25
900574  902608  2035  900574  900969  396  902200  902608  409  96.58  25
988993  1000630  11638  988993  989926  934  999701  1000630  930  97.64  25
42474  51997  9524  42474  42657  184  51815  51997  183  98.91  26
61505  63058  1554  61505  62008  504  62553  63058  506  96.64  26
77935  83489  5555  77935  78461  527  82966  83489  524  96.39  26
137255  143058  5804  137255  137886  632  142420  143058  639  95.77  26
162313  164192  1880  162313  163170  858  163338  164192  855  98.72  26
420341  423193  2853  420341  421056  716  422479  423193  715  99.58  26
442729  448956  6228  442729  443279  551  448404  448956  553  96.75  26
471008  482069  11062  471008  471119  112  481965  482069  105  86.61  26
634428  637774  3347  634428  635415  988  636791  637774  984  98.89  26
824064  829194  5131  824064  824326  263  828933  829194  262  97.34  26
857101  859850  2750  857101  857552  452  859406  859850  445  97.57  26
960643  975057  14415  960643  961013  371  974693  975057  365  96.77  26
1087365  1091901  4537  1087365  1088356  992  1090905  1091901  997  96.99  26
143032  148695  5664  143032  143329  298  148395  148695  301  95.35  27
151920  155763  3844  151920  152377  458  155309  155763  455  97.82  27
509589  516497  6909  509589  509876  288  516197  516497  301  92.69  27
520017  524875  4859  520017  520451  435  524463  524875  413  94.71  27
557961  561718  3758  557961  558710  750  560981  561718  738  97.33  27
591423  602007  10585  591423  592008  586  601421  602007  587  97.10  27
787550  802518  14969  787550  788127  578  801955  802518  564  95.85  27
844024  855453  11430  844024  844272  249  855216  855453  238  93.57  27
947211  952688  5478  947211  947776  566  952132  952688  557  97.00  27
1016999  1019064  2066  1016999  1017485  487  1018552  1019064  513  94.93  27
1083068  1097890  14823  1083068  1083533  466  1097418  1097890  473  98.10  27
1104616  1112407  7792  1104616  1105226  611  1111780  1112407  628  96.97  27
1190119  1191309  1191  1190119  1190287  169  1191152  1191309  158  86.98  27
1195105  1198527  3423  1195105  1195889  785  1197742  1198527  786  97.46  27
7  1121  1115  7  126  120  1008  1121  114  95.00  28
13594  19735  6142  13594  14164  571  19183  19735  553  95.45  28
84020  93746  9727  84020  84360  341  93415  93746  332  96.77  28
326216  332613  6398  326216  326764  549  332085  332613  529  95.08  28
369369  381408  12040  369369  369877  509  380901  381408  508  97.45  28
421477  426505  5029  421477  421801  325  426190  426505  316  93.85  28
566254  573621  7368  566254  567251  998  572622  573621  1000  99.40  28
621888  635294  13407  621888  622370  483  634807  635294  488  97.13  28
691674  698690  7017  691674  692230  557  698110  698690  581  95.01  28
804655  810419  5765  804655  805286  632  809788  810419  632  99.05  28
823508  825733  2226  823508  824147  640  825094  825733  640  97.03  28
840669  849776  9108  840669  841667  999  848782  849776  995  99.40  28
975007  980331  5325  975007  975587  581  979755  980331  577  98.11  28
988374  1000619  12246  988374  988791  418  1000206  1000619  414  96.41  28
1061312  1064201  2890  1061312  1061617  306  1063894  1064201  308  94.48  28
1077494  1083930  6437  1077494  1078353  860  1083080  1083930  851  98.72  28
1097821  1102306  4486  1097821  1098816  996  1101314  1102306  993  98.29  28
1106664  1113709  7046  1106664  1107188  525  1113180  1113709  530  96.79  28
1132549  1135256  2708  1132549  1133222  674  1134583  1135256  674  99.70  28
105821  109978  4158  105821  106390  570  109410  109978  569  97.89  29
220931  222637  1707  220931  221153  223  222424  222637  214  95.96  29
272410  275491  3082  272410  273400  991  274494  275491  998  98.80  29
308446  318371  9926  308446  308965  520  317833  318371  539  95.18  29
492527  500791  8265  492527  492728  202  500590  500791  202  98.51  29
515818  518918  3101  515818  516393  576  518341  518918  578  99.31  29
721353  729789  8437  721353  721745  393  729400  729789  390  93.89  29
772848  782768  9921  772848  773217  370  782405  782768  364  97.84  29
914317  918179  3863  914317  914587  271  917898  918179  282  96.10  29
955593  963446  7854  955593  955928  336  963121  963446  326  96.73  29
1128214  1134546  6333  1128214  1128361  148  1134398  1134546  149  95.97  29
1164112  1168378  4267  1164112  1164626  515  1167857  1168378  522  97.32  29
1282282  1292743  10462  1282282  1282500  219  1292525  1292743  219  95.89  29
1312385  1321162  8778  1312385  1312728  344  1320805  1321162  358  92.74  29
5  1567  1563  5  297  293  1284  1567  284  91.13  30
137565  148521  10957  137565  137823  259  148254  148521  268  95.15  30
148770  155200  6431  148770  149068  299  154911  155200  290  93.98  30
294430  298177  3748  294430  294894  465  297713  298177  465  98.06  30
310369  315174  4806  310369  311027  659  314508  315174  667  97.90  30
327555  335439  7885  327555  328531  977  334444  335439  996  97.19  30
345905  354764  8860  345905  346202  298  354466  354764  299  97.32  30
369982  372809  2828  369982  370976  995  371811  372809  999  98.80  30
457417  461264  3848  457417  457945  529  460729  461264  536  97.76  30
536099  543361  7263  536099  536930  832  542539  543361  823  98.80  30
630977  634379  3403  630977  631727  751  633633  634379  747  98.80  30
671535  684829  13295  671535  672534  1000  683835  684829  995  99.40  30
804062  818206  14145  804062  804581  520  817686  818206  521  98.08  30
888788  900166  11379  888788  889786  999  899171  900166  996  99.00  30
923126  929590  6465  923126  923347  222  929371  929590  220  94.59  30
968983  974408  5426  968983  969359  377  974027  974408  382  97.12  30
980295  993195  12901  980295  981161  867  992342  993195  854  98.27  30
1035081  1045257  10177  1035081  1035698  618  1044644  1045257  614  98.22  30
1050531  1053291  2761  1050531  1051039  509  1052789  1053291  503  98.23  30
1075658  1085488  9831  1075658  1076225  568  1084909  1085488  580  97.41  30
1151065  1152294  1230  1151065  1151180  116  1152167  1152294  128  85.16  30
1167276  1171308  4033  1167276  1167989  714  1170611  1171308  698  96.50  30
1192862  1197967  5106  1192862  1193289  428  1197539  1197967  429  96.74  30
1254156  1258049  3894  1254156  1254741  586  1257471  1258049  579  95.05  30
1281238  1286283  5046  1281238  1282181  944  1285335  1286283  949  98.21  30
1481196  1488275  7080  1481196  1481366  171  1488112  1488275  164  92.98  30
14334  27102  12769  14334  14880  547  26546  27102  557  96.05  31
117154  124003  6850  117154  117472  319  123675  124003  329  95.74  31
169949  177732  7784  169949  170640  692  177032  177732  701  98.43  31
218405  229434  11030  218405  218974  570  228847  229434  588  96.26  31
350951  364321  13371  350951  351447  497  363819  364321  503  98.01  31
390942  394989  4048  390942  391324  383  394594  394989  396  95.96  31
584625  594514  9890  584625  585073  449  594072  594514  443  97.77  31
710433  713247  2815  710433  710713  281  712967  713247  281  97.86  31
722218  730837  8620  722218  722629  412  730436  730837  402  93.93  31
748520  752142  3623  748520  748992  473  751664  752142  479  96.87  31
765282  771716  6435  765282  765402  121  771586  771716  131  92.37  31
790335  798856  8522  790335  790821  487  798366  798856  491  97.15  31
861921  863453  1533  861921  862402  482  862962  863453  492  94.51  31
877578  886964  9387  877578  878154  577  886371  886964  594  97.14  31
891045  892725  1681  891045  891577  533  892188  892725  538  92.94  31
1057232  1063999  6768  1057232  1057655  424  1063560  1063999  440  95.45  31
1158571  1160089  1519  1158571  1159036  466  1159605  1160089  485  95.67  31
1240212  1241499  1288  1240212  1240381  170  1241328  1241499  172  98.26  31
1393118  1404286  11169  1393118  1393693  576  1403715  1404286  572  98.61  31
1427772  1433253  5482  1427772  1428771  1000  1432265  1433253  989  98.90  31
35483  47777  12295  35483  35727  245  47534  47777  244  99.18  32
57374  70628  13255  57374  58080  707  69916  70628  713  98.46  32
99426  107170  7745  99426  99852  427  106740  107170  431  96.75  32
158904  171470  12567  158904  159483  580  170887  171470  584  97.77  32
221940  225467  3528  221940  222529  590  224877  225467  591  98.82  32
283963  289238  5276  283963  284771  809  288426  289238  813  98.28  32
364069  373920  9852  364069  364607  539  373382  373920  539  97.22  32
471946  475907  3962  471946  472362  417  475505  475907  403  96.16  32
538661  547397  8737  538661  539121  461  546939  547397  459  97.61  32
621648  624072  2425  621648  622572  925  623147  624072  926  98.92  32
732148  743041  10894  732148  732674  527  742517  743041  525  98.29  32
775358  782726  7369  775358  775871  514  782211  782726  516  96.51  32
1155325  1170453  15129  1155325  1155492  168  1170281  1170453  173  93.64  32
1224033  1229116  5084  1224033  1224237  205  1228896  1229116  221  92.76  32
1446325  1449100  2776  1446325  1447321  997  1448101  1449100  1000  99.60  32
2618  12048  9431  2618  2995  378  11686  12048  363  92.86  33
47610  55244  7635  47610  47868  259  54979  55244  266  96.24  33
107556  119452  11897  107556  108011  456  118992  119452  461  96.53  33
205896  210258  4363  205896  206889  994  209261  210258  998  99.00  33
312007  314697  2691  312007  312705  699  314000  314697  698  96.85  33
314869  328516  13648  314869  315822  954  327575  328516  942  97.38  33
364442  369440  4999  364442  365219  778  368654  369440  787  97.84  33
375903  383050  7148  375903  376761  859  382178  383050  873  97.37  33
401414  416641  15228  401414  401981  568  416068  416641  574  97.74  33
428822  443002  14181  428822  429819  998  442009  443002  994  99.20  33
501476  507095  5620  501476  501696  221  506876  507095  220  94.12  33
558490  563466  4977  558490  559042  553  562902  563466  565  97.17  33
673812  680137  6326  673812  674693  882  679268  680137  870  98.30  33
723499  725876  2378  723499  723963  465  725410  725876  467  94.43  33
760244  765142  4899  760244  761237  994  764144  765142  999  99.50  33
925147  938570  13424  925147  925592  446  938141  938570  430  94.39  33
1097102  1101389  4288  1097102  1098101  1000  1100390  1101389  1000  99.60  33
1125979  1134997  9019  1125979  1126646  668  1134326  1134997  672  98.96  33
1225349  1235725  10377  1225349  1225633  285  1235438  1235725  288  98.61  33
1252210  1264968  12759  1252210  1253207  998  1263969  1264968  1000  99.70  33
1309145  1313668  4524  1309145  1309604  460  1313202  1313668  467  97.43  33
1356178  1363944  7767  1356178  1356415  238  1363699  1363944  246  93.90  33
1426784  1438059  11276  1426784  1427206  423  1437635  1438059  425  97.88  33
1453748  1466374  12627  1453748  1454269  522  1465859  1466374  516  98.28  33
1578511  1582967  4457  1578511  1578628  118  1582845  1582967  123  91.06  33
1804464  1807282  2819  1804464  1804951  488  1806806  1807282  477  94.26  33
1817220  1821707  4488  1817220  1818205  986  1820737  1821707  971  97.67  33
119732  122425  2694  119732  120575  844  121601  122425  825  97.39  34
158462  173475  15014  158462  158645  184  173292  173475  184  98.91  34
252647  266258  13612  252647  253004  358  265907  266258  352  97.49  34
347526  352297  4772  347526  347904  379  351913  352297  385  98.18  34
359004  362663  3660  359004  359194  191  362480  362663  184  87.43  34
440729  452222  11494  440729  441350  622  451602  452222  621  98.87  34
457996  465623  7628  457996  458133  138  465493  465623  131  92.75  34
536218  544179  7962  536218  537112  895  543289  544179  891  99.11  34
565931  572755  6825  565931  566377  447  572302  572755  454  96.26  34
647903  654690  6788  647903  648465  563  654132  654690  559  96.63  34
668446  680341  11896  668446  669031  586  679760  680341  582  97.44  34
698951  703679  4729  698951  699916  966  702723  703679  957  98.24  34
773669  781582  7914  773669  774252  584  780997  781582  586  97.44  34
826198  829770  3573  826198  826769  572  829184  829770  587  96.59  34
1055916  1063050  7135  1055916  1056846  931  1062125  1063050  926  96.99  34
1081851  1087278  5428  1081851  1082023  173  1087104  1087278  175  90.86  34
1155481  1158940  3460  1155481  1155905  425  1158511  1158940  430  96.28  34
1266362  1268458  2097  1266362  1266965  604  1267867  1268458  592  95.70  34
1320945  1332071  11127  1320945  1321396  452  1331608  1332071  464  96.77  34
1368166  1374198  6033  1368166  1368471  306  1373892  1374198  307  97.39  34
1435311  1440730  5420  1435311  1435760  450  1440281  1440730  450  95.56  34
1441295  1443100  1806  1441295  1441740  446  1442669  1443100  432  95.96  34
1591794  1594128  2335  1591794  1592791  998  1593130  1594128  999  98.10  34
1706371  1710392  4022  1706371  1707019  649  1709739  1710392  654  98.62  34
1771560  1784627  13068  1771560  1772176  617  1784001  1784627  627  98.09  34
1906960  1918473  11514  1906960  1907500  541  1917928  1918473  546  97.44  34
1949602  1952698  3097  1949602  1950119  518  1952180  1952698  519  96.72  34
1955510  1963248  7739  1955510  1955895  386  1962848  1963248  401  94.76  34
10966  25865  14900  10966  11618  653  25221  25865  645  97.24  35
75205  84082  8878  75205  75508  304  83790  84082  293  96.05  35
315595  320221  4627  315595  315908  314  319914  320221  308  95.54  35
357833  364154  6322  357833  358308  476  363675  364154  480  96.04  35
366932  368879  1948  366932  367428  497  368386  368879  494  97.38  35
394339  396055  1717  394339  394875  537  395528  396055  528  97.02  35
426170  432189  6020  426170  426571  402  431795  432189  395  96.02  35
449625  464510  14886  449625  450082  458  464038  464510  473  93.66  35
482202  495999  13798  482202  482343  142  495853  495999  147  95.24  35
571340  581846  10507  571340  572338  999  580853  581846  994  98.90  35
627970  632149  4180  627970  628397  428  631740  632149  410  93.46  35
799760  804171  4412  799760  800037  278  803888  804171  284  96.83  35
866202  867811  1610  866202  866717  516  867291  867811  521  98.27  35
943447  945661  2215  943447  944442  996  944666  945661  996  99.10  35
1105416  1107623  2208  1105416  1106037  622  1107002  1107623  622  100.00  35
1139490  1151557  12068  1139490  1139939  450  1151100  1151557  458  97.38  35
1365116  1366655  1540  1365116  1365360  245  1366416  1366655  240  96.33  35
1399714  1402532  2819  1399714  1400709  996  1401534  1402532  999  99.40  35
1590542  1597129  6588  1590542  1590764  223  1596907  1597129  223  96.41  35
1805740  1809769  4030  1805740  1806647  908  1808859  1809769  911  98.24  35
2065804  2068462  2659  2065804  2066537  734  2067737  2068462  726  94.96  35
2118414  2125398  6985  2118414  2118882  469  2124929  2125398  470  95.53  35
2213344  2221102  7759  2213344  2213593  250  2220863  2221102  240  95.60  35
2478835  2482505  3671  2478835  2478954  120  2482395  2482505  111  92.50  35
2559666  2573651  13986  2559666  2560553  888  2572735  2573651  917  96.29  35
2648372  2658426  10055  2648372  2648883  512  2657915  2658426  512  96.68  35
2692104  2707435  15332  2692104  2692474  371  2707074  2707435  362  95.42  35
